1726023282701 14.408866882324219 0
1726023282827 14.402360916137695 1
1726023282970 14.395857810974121 2
1726023283118 14.389360427856445 3
1726023283273 14.382863998413086 4
1726023283416 14.376368522644043 5
1726023283565 14.369876861572266 6
1726023283704 14.363389015197754 7
1726023283841 14.356903076171875 8
1726023283970 14.350418090820312 9
1726023284106 14.343938827514648 10
1726023284235 14.337459564208984 11
1726023284360 14.330985069274902 12
1726023284482 14.324512481689453 13
1726023284601 14.318041801452637 14
1726023284722 14.311574935913086 15
1726023284863 14.305109024047852 16
1726023285004 14.298650741577148 17
1726023285153 14.292189598083496 18
1726023285277 14.28573226928711 19
1726023285416 14.279277801513672 20
1726023285542 14.2728271484375 21
1726023285666 14.266380310058594 22
1726023285794 14.25993537902832 23
1726023285916 14.253491401672363 24
1726023286036 14.247049331665039 25
1726023286158 14.24061393737793 26
1726023286281 14.234176635742188 27
1726023286400 14.227746963500977 28
1726023286522 14.221315383911133 29
1726023286642 14.214888572692871 30
1726023286766 14.208463668823242 31
1726023286891 14.202042579650879 32
1726023287013 14.195622444152832 33
1726023287133 14.18920612335205 34
1726023287252 14.182793617248535 35
1726023287374 14.176383018493652 36
1726023287494 14.169974327087402 37
1726023287617 14.163567543029785 38
1726023287738 14.157164573669434 39
1726023287859 14.150762557983398 40
1726023287978 14.144366264343262 41
1726023288097 14.137969970703125 42
1726023288218 14.131577491760254 43
1726023288349 14.125187873840332 44
1726023288499 14.118799209594727 45
1726023288642 14.112415313720703 46
1726023288768 14.106034278869629 47
1726023288891 14.099655151367188 48
1726023289021 14.093276023864746 49
1726023289178 14.08690357208252 50
1726023289305 14.080531120300293 51
1726023289430 14.074163436889648 52
1726023289569 14.06779670715332 53
1726023289722 14.061432838439941 54
1726023289875 14.055071830749512 55
1726023290002 14.048710823059082 56
1726023290125 14.04235553741455 57
1726023290253 14.036003112792969 58
1726023290376 14.029651641845703 59
1726023290497 14.023303985595703 60
1726023290618 14.016956329345703 61
1726023290740 14.010614395141602 62
1726023290866 14.00427532196045 63
1726023290986 13.997936248779297 64
1726023291106 13.99160099029541 65
1726023291227 13.985267639160156 66
1726023291349 13.978939056396484 67
1726023291470 13.972610473632812 68
1726023291589 13.966285705566406 69
1726023291708 13.959962844848633 70
1726023291831 13.953644752502441 71
1726023291953 13.94732666015625 72
1726023292073 13.941011428833008 73
1726023292193 13.934700965881348 74
1726023292314 13.928391456604004 75
1726023292438 13.922082901000977 76
1726023292558 13.915778160095215 77
1726023292678 13.909477233886719 78
1726023292796 13.903178215026855 79
1726023292917 13.896881103515625 80
1726023293037 13.890584945678711 81
1726023293161 13.884294509887695 82
1726023293286 13.878006935119629 83
1726023293409 13.871721267700195 84
1726023293528 13.865433692932129 85
1726023293648 13.85915470123291 86
1726023293770 13.852874755859375 87
1726023293893 13.846599578857422 88
1726023294021 13.840324401855469 89
1726023294151 13.834053039550781 90
1726023294276 13.827783584594727 91
1726023294403 13.821517944335938 92
1726023294530 13.815254211425781 93
1726023294650 13.808993339538574 94
1726023294783 13.802733421325684 95
1726023294931 13.796478271484375 96
1726023295058 13.7902250289917 97
1726023295183 13.783974647521973 98
1726023295308 13.777726173400879 99
1726023295428 13.771479606628418 100
1726023295550 13.765235900878906 101
1726023295673 13.758995056152344 102
1726023295793 13.752755165100098 103
1726023295951 13.746519088745117 104
1726023296076 13.740286827087402 105
1726023296205 13.734054565429688 106
1726023296332 13.727828025817871 107
1726023296488 13.721600532531738 108
1726023296620 13.715377807617188 109
1726023296755 13.70915699005127 110
1726023296907 13.702937126159668 111
1726023297034 13.696723937988281 112
1726023297164 13.690508842468262 113
1726023297296 13.684298515319824 114
1726023297425 13.678091049194336 115
1726023297557 13.671883583068848 116
1726023297695 13.665679931640625 117
1726023297817 13.659479141235352 118
1726023297945 13.653282165527344 119
1726023298069 13.64708423614502 120
1726023298192 13.640890121459961 121
1726023298320 13.634698867797852 122
1726023298443 13.628511428833008 123
1726023298569 13.622325897216797 124
1726023298708 13.616140365600586 125
1726023298869 13.609960556030273 126
1726023299002 13.603781700134277 127
1726023299127 13.59760570526123 128
1726023299249 13.591429710388184 129
1726023299369 13.585258483886719 130
1726023299496 13.57909107208252 131
1726023299647 13.572924613952637 132
1726023299783 13.566761016845703 133
1726023299924 13.560598373413086 134
1726023300069 13.55444049835205 135
1726023300202 13.548282623291016 136
1726023300346 13.542130470275879 137
1726023300474 13.535977363586426 138
1726023300598 13.529828071594238 139
1726023300724 13.523681640625 140
1726023300851 13.517536163330078 141
1726023300976 13.511395454406738 142
1726023301102 13.505254745483398 143
1726023301230 13.499119758605957 144
1726023301357 13.492982864379883 145
1726023301482 13.486852645874023 146
1726023301604 13.48072338104248 147
1726023301724 13.474595069885254 148
1726023301846 13.468469619750977 149
1726023301966 13.462349891662598 150
1726023302087 13.456229209899902 151
1726023302208 13.450111389160156 152
1726023302332 13.443997383117676 153
1726023302456 13.437884330749512 154
1726023302583 13.43177318572998 155
1726023302705 13.425665855407715 156
1726023302861 13.419561386108398 157
1726023302985 13.413456916809082 158
1726023303112 13.407356262207031 159
1726023303247 13.40125846862793 160
1726023303373 13.395162582397461 161
1726023303506 13.389069557189941 162
1726023303631 13.382979393005371 163
1726023303759 13.376891136169434 164
1726023303895 13.370803833007812 165
1726023304028 13.36472225189209 166
1726023304155 13.358638763427734 167
1726023304280 13.352560043334961 168
1726023304408 13.346484184265137 169
1726023304540 13.340411186218262 170
1726023304667 13.334339141845703 171
1726023304794 13.32827091217041 172
1726023304922 13.322202682495117 173
1726023305047 13.31613826751709 174
1726023305190 13.310076713562012 175
1726023305316 13.30401611328125 176
1726023305443 13.297958374023438 177
1726023305566 13.29190444946289 178
1726023305689 13.285852432250977 179
1726023305821 13.279803276062012 180
1726023305947 13.273755073547363 181
1726023306080 13.267708778381348 182
1726023306219 13.261666297912598 183
1726023306341 13.255626678466797 184
1726023306460 13.249588966369629 185
1726023306581 13.243552207946777 186
1726023306701 13.237518310546875 187
1726023306826 13.231488227844238 188
1726023306945 13.225458145141602 189
1726023307074 13.219433784484863 190
1726023307210 13.213409423828125 191
1726023307342 13.207387924194336 192
1726023307473 13.201369285583496 193
1726023307601 13.195352554321289 194
1726023307727 13.189337730407715 195
1726023307853 13.183324813842773 196
1726023307974 13.17731761932373 197
1726023308095 13.171309471130371 198
1726023308218 13.165304183959961 199
1726023308341 13.1593017578125 200
1726023308468 13.153300285339355 201
1726023308597 13.14730453491211 202
1726023308725 13.141308784484863 203
1726023308847 13.13531494140625 204
1726023308968 13.12932300567627 205
1726023309090 13.123334884643555 206
1726023309210 13.117349624633789 207
1726023309330 13.111364364624023 208
1726023309449 13.105384826660156 209
1726023309572 13.099406242370605 210
1726023309698 13.093428611755371 211
1726023309819 13.087454795837402 212
1726023309941 13.081482887268066 213
1726023310065 13.075511932373047 214
1726023310185 13.06954574584961 215
1726023310310 13.063577651977539 216
1726023310431 13.057616233825684 217
1726023310553 13.051657676696777 218
1726023310674 13.045699119567871 219
1726023310800 13.03974437713623 220
1726023310919 13.033792495727539 221
1726023311040 13.027840614318848 222
1726023311162 13.021891593933105 223
1726023311288 13.015945434570312 224
1726023311415 13.010002136230469 225
1726023311544 13.004059791564941 226
1726023311666 12.998120307922363 227
1726023311842 12.99218463897705 228
1726023311963 12.986248970031738 229
1726023312083 12.980317115783691 230
1726023312202 12.974387168884277 231
1726023312321 12.968460083007812 232
1726023312443 12.962535858154297 233
1726023312565 12.956612586975098 234
1726023312689 12.950692176818848 235
1726023312817 12.944772720336914 236
1726023312981 12.938857078552246 237
1726023313121 12.932943344116211 238
1726023313260 12.927031517028809 239
1726023313395 12.921123504638672 240
1726023313523 12.915215492248535 241
1726023313647 12.909311294555664 242
1726023313772 12.903409957885742 243
1726023313905 12.897510528564453 244
1726023314027 12.89161205291748 245
1726023314162 12.885716438293457 246
1726023314291 12.879823684692383 247
1726023314420 12.873932838439941 248
1726023314544 12.868043899536133 249
1726023314670 12.862159729003906 250
1726023314818 12.856274604797363 251
1726023314945 12.850393295288086 252
1726023315077 12.844513893127441 253
1726023315199 12.838639259338379 254
1726023315331 12.832762718200684 255
1726023315478 12.826889038085938 256
1726023315622 12.82102108001709 257
1726023315768 12.815152168273926 258
1726023315897 12.809287071228027 259
1726023316033 12.803423881530762 260
1726023316168 12.797561645507812 261
1726023316292 12.791704177856445 262
1726023316414 12.785847663879395 263
1726023316533 12.779993057250977 264
1726023316654 12.774142265319824 265
1726023316774 12.768291473388672 266
1726023316894 12.762444496154785 267
1726023317013 12.756600379943848 268
1726023317132 12.750758171081543 269
1726023317252 12.744918823242188 270
1726023317374 12.739080429077148 271
1726023317493 12.733243942260742 272
1726023317617 12.727409362792969 273
1726023317738 12.721579551696777 274
1726023317860 12.715749740600586 275
1726023317982 12.70992374420166 276
1726023318103 12.704099655151367 277
1726023318226 12.698277473449707 278
1726023318345 12.692456245422363 279
1726023318465 12.686638832092285 280
1726023318586 12.68082332611084 281
1726023318705 12.675010681152344 282
1726023318836 12.66919994354248 283
1726023318955 12.66339111328125 284
1726023319077 12.657585144042969 285
1726023319224 12.651780128479004 286
1726023319390 12.645978927612305 287
1726023319549 12.640179634094238 288
1726023319683 12.634382247924805 289
1726023319803 12.628586769104004 290
1726023319954 12.622794151306152 291
1726023320077 12.617003440856934 292
1726023320199 12.611214637756348 293
1726023320319 12.605429649353027 294
1726023320438 12.599644660949707 295
1726023320557 12.593864440917969 296
1726023320688 12.588085174560547 297
1726023320809 12.582308769226074 298
1726023320932 12.576532363891602 299
1726023321055 12.570760726928711 300
1726023321173 12.564990043640137 301
1726023321291 12.559222221374512 302
1726023321414 12.55345630645752 303
1726023321533 12.547693252563477 304
1726023321655 12.541932106018066 305
1726023321774 12.536172866821289 306
1726023321894 12.530415534973145 307
1726023322017 12.52466106414795 308
1726023322139 12.518908500671387 309
1726023322266 12.513158798217773 310
1726023322395 12.507411003112793 311
1726023322523 12.501666069030762 312
1726023322653 12.495923042297363 313
1726023322775 12.490180015563965 314
1726023322901 12.484442710876465 315
1726023323028 12.478705406188965 316
1726023323157 12.47297191619873 317
1726023323284 12.467239379882812 318
1726023323407 12.461508750915527 319
1726023323535 12.455780982971191 320
1726023323663 12.450056076049805 321
1726023323790 12.444332122802734 322
1726023323919 12.438610076904297 323
1726023324050 12.432892799377441 324
1726023324176 12.427175521850586 325
1726023324304 12.421462059020996 326
1726023324426 12.415750503540039 327
1726023324553 12.410037994384766 328
1726023324678 12.404330253601074 329
1726023324802 12.398626327514648 330
1726023324931 12.392922401428223 331
1726023325057 12.387221336364746 332
1726023325182 12.381522178649902 333
1726023325311 12.375825881958008 334
1726023325439 12.37013053894043 335
1726023325564 12.3644380569458 336
1726023325688 12.358749389648438 337
1726023325814 12.353058815002441 338
1726023325940 12.347373008728027 339
1726023326069 12.341690063476562 340
1726023326193 12.336007118225098 341
1726023326318 12.330328941345215 342
1726023326439 12.324653625488281 343
1726023326562 12.318979263305664 344
1726023326684 12.313304901123047 345
1726023326803 12.307633399963379 346
1726023326922 12.301966667175293 347
1726023327041 12.296299934387207 348
1726023327165 12.290637016296387 349
1726023327289 12.2849760055542 350
1726023327415 12.279316902160645 351
1726023327549 12.273659706115723 352
1726023327677 12.268003463745117 353
1726023327798 12.262351036071777 354
1726023327918 12.256699562072754 355
1726023328037 12.251052856445312 356
1726023328159 12.245406150817871 357
1726023328320 12.239762306213379 358
1726023328441 12.23412036895752 359
1726023328560 12.22848129272461 360
1726023328679 12.222844123840332 361
1726023328798 12.217207908630371 362
1726023328938 12.21157455444336 363
1726023329072 12.205944061279297 364
1726023329199 12.200316429138184 365
1726023329321 12.194689750671387 366
1726023329443 12.189064979553223 367
1726023329565 12.183444023132324 368
1726023329683 12.177823066711426 369
1726023329802 12.17220401763916 370
1726023329921 12.166589736938477 371
1726023330039 12.160974502563477 372
1726023330158 12.155364990234375 373
1726023330278 12.149755477905273 374
1726023330397 12.144146919250488 375
1726023330517 12.138543128967285 376
1726023330637 12.132941246032715 377
1726023330756 12.127339363098145 378
1726023330878 12.12174129486084 379
1726023330998 12.116145133972168 380
1726023331119 12.110551834106445 381
1726023331239 12.104960441589355 382
1726023331359 12.099370956420898 383
1726023331479 12.093783378601074 384
1726023331597 12.088197708129883 385
1726023331717 12.082612037658691 386
1726023331843 12.077033042907715 387
1726023331961 12.071455001831055 388
1726023332081 12.065876960754395 389
1726023332204 12.060303688049316 390
1726023332326 12.054731369018555 391
1726023332465 12.049161911010742 392
1726023332597 12.043593406677246 393
1726023332729 12.038026809692383 394
1726023332856 12.032463073730469 395
1726023332991 12.026902198791504 396
1726023333115 12.021342277526855 397
1726023333246 12.015785217285156 398
1726023333374 12.01023006439209 399
1726023333500 12.004676818847656 400
1726023333624 11.999127388000488 401
1726023333748 11.99357795715332 402
1726023333875 11.988032341003418 403
1726023333997 11.9824857711792 404
1726023334121 11.976944923400879 405
1726023334245 11.971403121948242 406
1726023334375 11.965867042541504 407
1726023334538 11.960331916809082 408
1726023334664 11.954798698425293 409
1726023334788 11.949264526367188 410
1726023334914 11.943737030029297 411
1726023335040 11.938207626342773 412
1726023335160 11.932684898376465 413
1726023335281 11.927162170410156 414
1726023335411 11.92164134979248 415
1726023335535 11.916123390197754 416
1726023335663 11.910606384277344 417
1726023335788 11.905091285705566 418
1726023335907 11.899580001831055 419
1726023336027 11.89406967163086 420
1726023336148 11.888561248779297 421
1726023336269 11.883054733276367 422
1726023336389 11.877552032470703 423
1726023336510 11.872050285339355 424
1726023336638 11.866551399230957 425
1726023336762 11.861054420471191 426
1726023336911 11.855557441711426 427
1726023337035 11.850064277648926 428
1726023337159 11.844573974609375 429
1726023337283 11.83908462524414 430
1726023337427 11.833598136901855 431
1726023337581 11.828115463256836 432
1726023337745 11.8226318359375 433
1726023337908 11.817151069641113 434
1726023338062 11.811673164367676 435
1726023338221 11.806196212768555 436
1726023338425 11.8007230758667 437
1726023338577 11.795251846313477 438
1726023338735 11.789780616760254 439
1726023338881 11.784314155578613 440
1726023339006 11.778849601745605 441
1726023339131 11.773385047912598 442
1726023339322 11.767922401428223 443
1726023339463 11.762463569641113 444
1726023339629 11.75700855255127 445
1726023339773 11.751553535461426 446
1726023339896 11.746100425720215 447
1726023340029 11.740650177001953 448
1726023340198 11.735200881958008 449
1726023340365 11.729754447937012 450
1726023340514 11.724309921264648 451
1726023340668 11.718868255615234 452
1726023340811 11.713428497314453 453
1726023340984 11.707990646362305 454
1726023341133 11.702552795410156 455
1726023341284 11.697118759155273 456
1726023341421 11.69168758392334 457
1726023341549 11.686259269714355 458
1726023341673 11.680830955505371 459
1726023341800 11.675406455993652 460
1726023341934 11.66998291015625 461
1726023342054 11.664562225341797 462
1726023342186 11.65914249420166 463
1726023342347 11.653725624084473 464
1726023342506 11.648310661315918 465
1726023342656 11.642898559570312 466
1726023342842 11.637487411499023 467
1726023343017 11.632079124450684 468
1726023343244 11.62667179107666 469
1726023343381 11.621267318725586 470
1726023343523 11.615864753723145 471
1726023343649 11.610465049743652 472
1726023343774 11.605066299438477 473
1726023343900 11.599671363830566 474
1726023344030 11.594276428222656 475
1726023344170 11.588884353637695 476
1726023344368 11.583494186401367 477
1726023344503 11.578106880187988 478
1726023344671 11.572722434997559 479
1726023344818 11.567338943481445 480
1726023344964 11.561957359313965 481
1726023345129 11.556577682495117 482
1726023345255 11.551201820373535 483
1726023345382 11.54582691192627 484
1726023345510 11.54045295715332 485
1726023345633 11.53508186340332 486
1726023345761 11.52971363067627 487
1726023345898 11.524346351623535 488
1726023346063 11.51898193359375 489
1726023346199 11.513619422912598 490
1726023346323 11.508257865905762 491
1726023346448 11.502900123596191 492
1726023346571 11.497544288635254 493
1726023346694 11.492188453674316 494
1726023346815 11.486836433410645 495
1726023346934 11.481486320495605 496
1726023347055 11.476139068603516 497
1726023347190 11.470791816711426 498
1726023347310 11.465449333190918 499
1726023347431 11.46010684967041 500
1726023347551 11.454767227172852 501
1726023347671 11.449430465698242 502
1726023347790 11.444093704223633 503
1726023347908 11.438759803771973 504
1726023348029 11.433427810668945 505
1726023348152 11.428098678588867 506
1726023348278 11.422771453857422 507
1726023348399 11.417447090148926 508
1726023348518 11.412121772766113 509
1726023348638 11.406801223754883 510
1726023348802 11.401482582092285 511
1726023348921 11.39616584777832 512
1726023349041 11.390851974487305 513
1726023349166 11.385539054870605 514
1726023349289 11.380226135253906 515
1726023349408 11.374917030334473 516
1726023349527 11.369609832763672 517
1726023349647 11.364307403564453 518
1726023349768 11.359003067016602 519
1726023349886 11.353702545166016 520
1726023350007 11.348403930664062 521
1726023350127 11.343108177185059 522
1726023350246 11.337812423706055 523
1726023350406 11.332521438598633 524
1726023350537 11.327230453491211 525
1726023350664 11.321942329406738 526
1726023350789 11.316656112670898 527
1726023350913 11.311371803283691 528
1726023351048 11.306090354919434 529
1726023351185 11.300809860229492 530
1726023351308 11.295531272888184 531
1726023351431 11.290255546569824 532
1726023351553 11.284982681274414 533
1726023351672 11.27971076965332 534
1726023351792 11.27444076538086 535
1726023351912 11.269172668457031 536
1726023352036 11.263906478881836 537
1726023352154 11.258644104003906 538
1726023352274 11.253381729125977 539
1726023352395 11.248124122619629 540
1726023352525 11.242864608764648 541
1726023352649 11.23760986328125 542
1726023352773 11.232355117797852 543
1726023352916 11.227103233337402 544
1726023353079 11.221854209899902 545
1726023353248 11.216608047485352 546
1726023353384 11.211362838745117 547
1726023353509 11.2061185836792 548
1726023353632 11.20087718963623 549
1726023353775 11.195639610290527 550
1726023353947 11.190402030944824 551
1726023354123 11.18516731262207 552
1726023354274 11.179932594299316 553
1726023354427 11.174702644348145 554
1726023354577 11.169473648071289 555
1726023354737 11.164244651794434 556
1726023354870 11.159021377563477 557
1726023354998 11.15379810333252 558
1726023355122 11.148576736450195 559
1726023355255 11.143359184265137 560
1726023355404 11.138141632080078 561
1726023355539 11.132927894592285 562
1726023355678 11.127714157104492 563
1726023355815 11.122505187988281 564
1726023355941 11.117295265197754 565
1726023356067 11.112089157104492 566
1726023356196 11.106884002685547 567
1726023356322 11.10168170928955 568
1726023356455 11.096481323242188 569
1726023356581 11.091282844543457 570
1726023356706 11.08608627319336 571
1726023356828 11.080891609191895 572
1726023356947 11.075699806213379 573
1726023357073 11.070508003234863 574
1726023357193 11.065320014953613 575
1726023357334 11.060134887695312 576
1726023357516 11.054949760437012 577
1726023357673 11.04976749420166 578
1726023357826 11.044587135314941 579
1726023357973 11.039409637451172 580
1726023358097 11.034233093261719 581
1726023358229 11.029058456420898 582
1726023358354 11.023885726928711 583
1726023358481 11.018715858459473 584
1726023358601 11.01354694366455 585
1726023358721 11.008380889892578 586
1726023358840 11.003217697143555 587
1726023358959 10.998054504394531 588
1726023359083 10.992895126342773 589
1726023359209 10.9877347946167 590
1726023359328 10.982580184936523 591
1726023359446 10.977424621582031 592
1726023359564 10.972273826599121 593
1726023359685 10.967123985290527 594
1726023359806 10.961976051330566 595
1726023359926 10.956830024719238 596
1726023360047 10.951685905456543 597
1726023360165 10.946544647216797 598
1726023360286 10.94140338897705 599
1726023360405 10.93626594543457 600
1726023360526 10.931129455566406 601
1726023360645 10.925994873046875 602
1726023360766 10.920862197875977 603
1726023360885 10.915731430053711 604
1726023361013 10.910604476928711 605
1726023361138 10.905478477478027 606
1726023361258 10.900354385375977 607
1726023361379 10.895233154296875 608
1726023361497 10.89011287689209 609
1726023361618 10.884994506835938 610
1726023361739 10.879878044128418 611
1726023361858 10.874764442443848 612
1726023361978 10.869651794433594 613
1726023362100 10.864542961120605 614
1726023362220 10.8594331741333 615
1726023362341 10.854328155517578 616
1726023362461 10.849224090576172 617
1726023362581 10.844122886657715 618
1726023362705 10.839021682739258 619
1726023362828 10.833924293518066 620
1726023362956 10.828827857971191 621
1726023363086 10.823732376098633 622
1726023363212 10.81864070892334 623
1726023363339 10.81355094909668 624
1726023363461 10.808462142944336 625
1726023363598 10.803377151489258 626
1726023363723 10.79829216003418 627
1726023363848 10.79321002960205 628
1726023363977 10.788130760192871 629
1726023364101 10.783052444458008 630
1726023364225 10.777976036071777 631
1726023364349 10.772902488708496 632
1726023364471 10.767829895019531 633
1726023364595 10.762760162353516 634
1726023364718 10.757691383361816 635
1726023364843 10.75262451171875 636
1726023364966 10.747559547424316 637
1726023365105 10.742498397827148 638
1726023365231 10.737436294555664 639
1726023365360 10.732378005981445 640
1726023365480 10.727322578430176 641
1726023365602 10.722268104553223 642
1726023365726 10.717216491699219 643
1726023365850 10.712165832519531 644
1726023365978 10.70711612701416 645
1726023366116 10.702069282531738 646
1726023366237 10.697026252746582 647
1726023366360 10.691981315612793 648
1726023366481 10.686942100524902 649
1726023366603 10.681903839111328 650
1726023366721 10.67686653137207 651
1726023366842 10.671832084655762 652
1726023366964 10.666800498962402 653
1726023367084 10.66176986694336 654
1726023367209 10.656740188598633 655
1726023367328 10.651713371276855 656
1726023367448 10.646688461303711 657
1726023367567 10.641667366027832 658
1726023367685 10.636645317077637 659
1726023367802 10.63162612915039 660
1726023367922 10.626609802246094 661
1726023368044 10.621594429016113 662
1726023368163 10.616580963134766 663
1726023368284 10.611570358276367 664
1726023368404 10.606561660766602 665
1726023368523 10.601554870605469 666
1726023368642 10.596549987792969 667
1726023368763 10.591545104980469 668
1726023368881 10.58654499053955 669
1726023368998 10.58154582977295 670
1726023369134 10.57654857635498 671
1726023369255 10.571553230285645 672
1726023369375 10.566559791564941 673
1726023369494 10.561568260192871 674
1726023369615 10.55657958984375 675
1726023369733 10.551590919494629 676
1726023369852 10.546606063842773 677
1726023369971 10.541622161865234 678
1726023370091 10.536641120910645 679
1726023370210 10.531661987304688 680
1726023370329 10.52668285369873 681
1726023370452 10.521706581115723 682
1726023370580 10.51673412322998 683
1726023370706 10.511762619018555 684
1726023370827 10.506792068481445 685
1726023370947 10.501825332641602 686
1726023371073 10.496858596801758 687
1726023371193 10.491893768310547 688
1726023371314 10.486932754516602 689
1726023371432 10.481971740722656 690
1726023371552 10.47701358795166 691
1726023371670 10.472057342529297 692
1726023371787 10.467103958129883 693
1726023371907 10.462151527404785 694
1726023372026 10.45720100402832 695
1726023372145 10.452252388000488 696
1726023372263 10.447306632995605 697
1726023372383 10.442361831665039 698
1726023372502 10.437418937683105 699
1726023372620 10.432478904724121 700
1726023372744 10.427539825439453 701
1726023372866 10.422603607177734 702
1726023372997 10.417667388916016 703
1726023373144 10.412734985351562 704
1726023373285 10.407804489135742 705
1726023373426 10.402875900268555 706
1726023373550 10.39794921875 707
1726023373674 10.393022537231445 708
1726023373796 10.388099670410156 709
1726023373917 10.383179664611816 710
1726023374038 10.37825870513916 711
1726023374160 10.37334156036377 712
1726023374282 10.368427276611328 713
1726023374402 10.363512992858887 714
1726023374526 10.358602523803711 715
1726023374649 10.353693008422852 716
1726023374774 10.348785400390625 717
1726023374898 10.343879699707031 718
1726023375022 10.338974952697754 719
1726023375150 10.33407211303711 720
1726023375274 10.329174995422363 721
1726023375398 10.324275016784668 722
1726023375520 10.319379806518555 723
1726023375645 10.314484596252441 724
1726023375771 10.309593200683594 725
1726023375897 10.304702758789062 726
1726023376017 10.29981517791748 727
1726023376143 10.294928550720215 728
1726023376267 10.290043830871582 729
1726023376389 10.285161018371582 730
1726023376513 10.280281066894531 731
1726023376632 10.27540111541748 732
1726023376749 10.270525932312012 733
1726023376868 10.265650749206543 734
1726023376988 10.260777473449707 735
1726023377109 10.255906105041504 736
1726023377229 10.25103759765625 737
1726023377348 10.246170997619629 738
1726023377466 10.241305351257324 739
1726023377585 10.236442565917969 740
1726023377703 10.23158073425293 741
1726023377822 10.22672176361084 742
1726023377941 10.221864700317383 743
1726023378060 10.217008590698242 744
1726023378182 10.212154388427734 745
1726023378302 10.207303047180176 746
1726023378422 10.202452659606934 747
1726023378543 10.197604179382324 748
1726023378680 10.19275951385498 749
1726023378806 10.187915802001953 750
1726023378944 10.183073043823242 751
1726023379070 10.17823314666748 752
1726023379207 10.173393249511719 753
1726023379331 10.168558120727539 754
1726023379459 10.16372299194336 755
1726023379593 10.158890724182129 756
1726023379726 10.154060363769531 757
1726023379848 10.149231910705566 758
1726023379966 10.144404411315918 759
1726023380086 10.139580726623535 760
1726023380204 10.134756088256836 761
1726023380322 10.129936218261719 762
1726023380470 10.125116348266602 763
1726023380596 10.12030029296875 764
1726023380715 10.115484237670898 765
1726023380847 10.11067008972168 766
1726023380974 10.10585880279541 767
1726023381112 10.101049423217773 768
1726023381231 10.09624195098877 769
1726023381351 10.091435432434082 770
1726023381472 10.08663272857666 771
1726023381589 10.081830024719238 772
1726023381708 10.077030181884766 773
1726023381827 10.072232246398926 774
1726023381947 10.067435264587402 775
1726023382096 10.062640190124512 776
1726023382223 10.057848930358887 777
1726023382343 10.053057670593262 778
1726023382471 10.048269271850586 779
1726023382591 10.043482780456543 780
1726023382714 10.038698196411133 781
1726023382840 10.033914566040039 782
1726023382965 10.029133796691895 783
1726023383092 10.024354934692383 784
1726023383228 10.019577980041504 785
1726023383352 10.014801979064941 786
1726023383477 10.010028839111328 787
1726023383600 10.005257606506348 788
1726023383722 10.000487327575684 789
1726023383848 9.995719909667969 790
1726023383972 9.99095344543457 791
1726023384100 9.986189842224121 792
1726023384222 9.981427192687988 793
1726023384343 9.976667404174805 794
1726023384463 9.971909523010254 795
1726023384585 9.96715259552002 796
1726023384712 9.962397575378418 797
1726023384839 9.957646369934082 798
1726023384963 9.952895164489746 799
1726023385086 9.948145866394043 800
1726023385208 9.943399429321289 801
1726023385330 9.938653945922852 802
1726023385453 9.933910369873047 803
1726023385579 9.929169654846191 804
1726023385704 9.924429893493652 805
1726023385825 9.919692993164062 806
1726023385950 9.914957046508789 807
1726023386073 9.910223007202148 808
1726023386198 9.90549087524414 809
1726023386325 9.900761604309082 810
1726023386446 9.89603328704834 811
1726023386568 9.89130687713623 812
1726023386691 9.886582374572754 813
1726023386812 9.88185977935791 814
1726023386931 9.877140045166016 815
1726023387050 9.87242317199707 816
1726023387171 9.867704391479492 817
1726023387291 9.862990379333496 818
1726023387409 9.858277320861816 819
1726023387527 9.85356616973877 820
1726023387649 9.848856925964355 821
1726023387768 9.844149589538574 822
1726023387887 9.839444160461426 823
1726023388008 9.834739685058594 824
1726023388129 9.830038070678711 825
1726023388250 9.825338363647461 826
1726023388368 9.820640563964844 827
1726023388487 9.815943717956543 828
1726023388606 9.811249732971191 829
1726023388724 9.806557655334473 830
1726023388848 9.801867485046387 831
1726023388967 9.797178268432617 832
1726023389086 9.792492866516113 833
1726023389206 9.787808418273926 834
1726023389323 9.783123970031738 835
1726023389444 9.778443336486816 836
1726023389563 9.773762702941895 837
1726023389683 9.769086837768555 838
1726023389801 9.764410018920898 839
1726023389920 9.759737014770508 840
1726023390039 9.755064964294434 841
1726023390165 9.750394821166992 842
1726023390284 9.745726585388184 843
1726023390408 9.741061210632324 844
1726023390528 9.736396789550781 845
1726023390647 9.731734275817871 846
1726023390767 9.72707462310791 847
1726023390888 9.722415924072266 848
1726023391008 9.717758178710938 849
1726023391127 9.713103294372559 850
1726023391246 9.708450317382812 851
1726023391365 9.703800201416016 852
1726023391486 9.699150085449219 853
1726023391606 9.694502830505371 854
1726023391729 9.689857482910156 855
1726023391862 9.685214042663574 856
1726023391986 9.680571556091309 857
1726023392105 9.675931930541992 858
1726023392237 9.671294212341309 859
1726023392364 9.666656494140625 860
1726023392486 9.662022590637207 861
1726023392609 9.657389640808105 862
1726023392734 9.652759552001953 863
1726023392856 9.648130416870117 864
1726023392992 9.643503189086914 865
1726023393129 9.638877868652344 866
1726023393254 9.634255409240723 867
1726023393381 9.629632949829102 868
1726023393504 9.62501335144043 869
1726023393627 9.62039566040039 870
1726023393750 9.615779876708984 871
1726023393871 9.611167907714844 872
1726023394002 9.606553077697754 873
1726023394122 9.601943969726562 874
1726023394249 9.597334861755371 875
1726023394372 9.592728614807129 876
1726023394499 9.58812427520752 877
1726023394622 9.583520889282227 878
1726023394746 9.578919410705566 879
1726023394871 9.574319839477539 880
1726023394996 9.569724082946777 881
1726023395120 9.565128326416016 882
1726023395245 9.560535430908203 883
1726023395371 9.555941581726074 884
1726023395492 9.551352500915527 885
1726023395613 9.546764373779297 886
1726023395736 9.5421781539917 887
1726023395859 9.537593841552734 888
1726023395983 9.533010482788086 889
1726023396113 9.528430938720703 890
1726023396239 9.523852348327637 891
1726023396360 9.51927375793457 892
1726023396480 9.514699935913086 893
1726023396604 9.510126113891602 894
1726023396724 9.50555419921875 895
1726023396844 9.500985145568848 896
1726023396967 9.496417999267578 897
1726023397086 9.491851806640625 898
1726023397204 9.487286567687988 899
1726023397324 9.4827241897583 900
1726023397442 9.478164672851562 901
1726023397564 9.473605155944824 902
1726023397684 9.469049453735352 903
1726023397804 9.464493751525879 904
1726023397924 9.459940910339355 905
1726023398044 9.455389022827148 906
1726023398167 9.45083999633789 907
1726023398285 9.446292877197266 908
1726023398404 9.441746711730957 909
1726023398524 9.437203407287598 910
1726023398647 9.432662010192871 911
1726023398766 9.428121566772461 912
1726023398885 9.423582077026367 913
1726023399004 9.419045448303223 914
1726023399125 9.414511680603027 915
1726023399246 9.409978866577148 916
1726023399366 9.405447006225586 917
1726023399485 9.400918006896973 918
1726023399606 9.396390914916992 919
1726023399725 9.391865730285645 920
1726023399846 9.38734245300293 921
1726023399966 9.382820129394531 922
1726023400086 9.378299713134766 923
1726023400207 9.373781204223633 924
1726023400326 9.369264602661133 925
1726023400448 9.364749908447266 926
1726023400567 9.360238075256348 927
1726023400688 9.35572624206543 928
1726023400808 9.351218223571777 929
1726023400927 9.346710205078125 930
1726023401064 9.342204093933105 931
1726023401188 9.337701797485352 932
1726023401308 9.333199501037598 933
1726023401426 9.328699111938477 934
1726023401546 9.324200630187988 935
1726023401664 9.319704055786133 936
1726023401784 9.315210342407227 937
1726023401904 9.310717582702637 938
1726023402027 9.30622673034668 939
1726023402155 9.301737785339355 940
1726023402275 9.297250747680664 941
1726023402394 9.292765617370605 942
1726023402519 9.288281440734863 943
1726023402643 9.283799171447754 944
1726023402766 9.279318809509277 945
1726023402888 9.274842262268066 946
1726023403026 9.270364761352539 947
1726023403160 9.265890121459961 948
1726023403296 9.261418342590332 949
1726023403429 9.25694751739502 950
1726023403555 9.252477645874023 951
1726023403678 9.248011589050293 952
1726023403804 9.243545532226562 953
1726023403927 9.239081382751465 954
1726023404052 9.234620094299316 955
1726023404203 9.230159759521484 956
1726023404329 9.225702285766602 957
1726023404454 9.221245765686035 958
1726023404576 9.216791152954102 959
1726023404704 9.2123384475708 960
1726023404828 9.207887649536133 961
1726023404953 9.203438758850098 962
1726023405075 9.198991775512695 963
1726023405200 9.194544792175293 964
1726023405322 9.190101623535156 965
1726023405444 9.185661315917969 966
1726023405567 9.181221008300781 967
1726023405692 9.176783561706543 968
1726023405812 9.172346115112305 969
1726023405982 9.1679105758667 970
1726023406105 9.16347885131836 971
1726023406230 9.159048080444336 972
1726023406354 9.154617309570312 973
1726023406474 9.150190353393555 974
1726023406598 9.14576530456543 975
1726023406721 9.141340255737305 976
1726023406842 9.136919975280762 977
1726023406959 9.132498741149902 978
1726023407077 9.128081321716309 979
1726023407197 9.123663902282715 980
1726023407317 9.119250297546387 981
1726023407438 9.114837646484375 982
1726023407557 9.110424995422363 983
1726023407676 9.106016159057617 984
1726023407798 9.101609230041504 985
1726023407917 9.097203254699707 986
1726023408039 9.092799186706543 987
1726023408159 9.088397026062012 988
1726023408278 9.083995819091797 989
1726023408398 9.079597473144531 990
1726023408519 9.075201034545898 991
1726023408638 9.070806503295898 992
1726023408762 9.066412925720215 993
1726023408886 9.06202220916748 994
1726023409006 9.057632446289062 995
1726023409141 9.053244590759277 996
1726023409261 9.048857688903809 997
1726023409383 9.044473648071289 998
1726023409501 9.040091514587402 999
