1726022799195 25.978389739990234 0
1726022799324 25.94424819946289 1
1726022799465 25.910242080688477 2
1726022799618 25.876380920410156 3
1726022799806 25.84265899658203 4
1726022799954 25.809080123901367 5
1726022800113 25.775646209716797 6
1726022800260 25.74234962463379 7
1726022800409 25.709199905395508 8
1726022800548 25.67619514465332 9
1726022800684 25.64333152770996 10
1726022800818 25.610618591308594 11
1726022800950 25.578044891357422 12
1726022801080 25.545621871948242 13
1726022801201 25.513341903686523 14
1726022801326 25.4812068939209 15
1726022801467 25.449220657348633 16
1726022801609 25.417375564575195 17
1726022801748 25.385684967041016 18
1726022801894 25.35413360595703 19
1726022802043 25.322731018066406 20
1726022802188 25.291473388671875 21
1726022802391 25.260364532470703 22
1726022802540 25.229398727416992 23
1726022802688 25.198579788208008 24
1726022802828 25.167903900146484 25
1726022803004 25.13737678527832 26
1726022803162 25.106990814208984 27
1726022803331 25.076751708984375 28
1726022803482 25.04665756225586 29
1726022803646 25.016700744628906 30
1726022803804 24.98689079284668 31
1726022803966 24.957225799560547 32
1726022804096 24.92770004272461 33
1726022804221 24.898317337036133 34
1726022804347 24.869070053100586 35
1726022804471 24.8399658203125 36
1726022804600 24.811002731323242 37
1726022804726 24.78217315673828 38
1726022804878 24.753488540649414 39
1726022805036 24.72493553161621 40
1726022805175 24.696523666381836 41
1726022805314 24.668241500854492 42
1726022805445 24.640100479125977 43
1726022805584 24.61209487915039 44
1726022805724 24.584218978881836 45
1726022805881 24.55647850036621 46
1726022806038 24.528865814208984 47
1726022806195 24.501386642456055 48
1726022806354 24.474040985107422 49
1726022806508 24.446823120117188 50
1726022806690 24.41973304748535 51
1726022806813 24.392772674560547 52
1726022806940 24.365936279296875 53
1726022807069 24.339229583740234 54
1726022807216 24.31264877319336 55
1726022807368 24.28618812561035 56
1726022807525 24.259855270385742 57
1726022807675 24.233644485473633 58
1726022807827 24.207555770874023 59
1726022807982 24.181589126586914 60
1726022808133 24.155746459960938 61
1726022808268 24.13001823425293 62
1726022808392 24.104412078857422 63
1726022808521 24.078922271728516 64
1726022808648 24.053550720214844 65
1726022808797 24.028295516967773 66
1726022808923 24.003156661987305 67
1726022809046 23.978132247924805 68
1726022809169 23.95322036743164 69
1726022809309 23.92842674255371 70
1726022809443 23.903738021850586 71
1726022809597 23.879167556762695 72
1726022809756 23.854707717895508 73
1726022809908 23.830354690551758 74
1726022810035 23.806114196777344 75
1726022810161 23.781980514526367 76
1726022810290 23.75795555114746 77
1726022810414 23.734041213989258 78
1726022810536 23.710229873657227 79
1726022810659 23.6865234375 80
1726022810782 23.66292381286621 81
1726022810902 23.639429092407227 82
1726022811025 23.61603546142578 83
1726022811146 23.59274673461914 84
1726022811266 23.569561004638672 85
1726022811388 23.54647445678711 86
1726022811511 23.523488998413086 87
1726022811633 23.500608444213867 88
1726022811752 23.477821350097656 89
1726022811874 23.45513343811035 90
1726022812000 23.432544708251953 91
1726022812161 23.410051345825195 92
1726022812325 23.387657165527344 93
1726022812469 23.3653564453125 94
1726022812632 23.343151092529297 95
1726022812774 23.321043014526367 96
1726022812900 23.299026489257812 97
1726022813031 23.277101516723633 98
1726022813183 23.255271911621094 99
1726022813322 23.23353385925293 100
1726022813477 23.211885452270508 101
1726022813628 23.190326690673828 102
1726022813787 23.168859481811523 103
1726022813939 23.14748191833496 104
1726022814100 23.126192092895508 105
1726022814224 23.1049861907959 106
1726022814373 23.083871841430664 107
1726022814536 23.062847137451172 108
1726022814692 23.04190444946289 109
1726022814881 23.021053314208984 110
1726022815014 23.000282287597656 111
1726022815164 22.979597091674805 112
1726022815308 22.95899200439453 113
1726022815436 22.938472747802734 114
1726022815564 22.918039321899414 115
1726022815692 22.897686004638672 116
1726022815813 22.877410888671875 117
1726022815953 22.857219696044922 118
1726022816105 22.83711051940918 119
1726022816258 22.817075729370117 120
1726022816402 22.79712677001953 121
1726022816534 22.777252197265625 122
1726022816661 22.757457733154297 123
1726022816785 22.737741470336914 124
1726022816907 22.718101501464844 125
1726022817027 22.69853401184082 126
1726022817157 22.679046630859375 127
1726022817297 22.659635543823242 128
1726022817435 22.64029884338379 129
1726022817564 22.621036529541016 130
1726022817690 22.601848602294922 131
1726022817813 22.582733154296875 132
1726022817933 22.563692092895508 133
1726022818057 22.544719696044922 134
1726022818181 22.525821685791016 135
1726022818307 22.506994247436523 136
1726022818428 22.48824119567871 137
1726022818548 22.46955108642578 138
1726022818668 22.450937271118164 139
1726022818794 22.432392120361328 140
1726022818917 22.41391372680664 141
1726022819037 22.395505905151367 142
1726022819159 22.37716293334961 143
1726022819279 22.3588924407959 144
1726022819400 22.34068489074707 145
1726022819520 22.322547912597656 146
1726022819643 22.304473876953125 147
1726022819763 22.286466598510742 148
1726022819885 22.268524169921875 149
1726022820009 22.250648498535156 150
1726022820131 22.232833862304688 151
1726022820254 22.215085983276367 152
1726022820374 22.19740104675293 153
1726022820496 22.179779052734375 154
1726022820615 22.16221809387207 155
1726022820738 22.144723892211914 156
1726022820859 22.127290725708008 157
1726022820981 22.109914779663086 158
1726022821101 22.09260368347168 159
1726022821236 22.07535171508789 160
1726022821354 22.05815887451172 161
1726022821484 22.041027069091797 162
1726022821606 22.023958206176758 163
1726022821728 22.00694465637207 164
1726022821851 21.989990234375 165
1726022821976 21.97309112548828 166
1726022822098 21.956253051757812 167
1726022822219 21.939472198486328 168
1726022822347 21.922748565673828 169
1726022822470 21.90608024597168 170
1726022822591 21.889469146728516 171
1726022822712 21.872913360595703 172
1726022822835 21.856412887573242 173
1726022822958 21.839967727661133 174
1726022823080 21.823577880859375 175
1726022823201 21.807241439819336 176
1726022823324 21.79096031188965 177
1726022823444 21.774730682373047 178
1726022823574 21.75855827331543 179
1726022823713 21.742433547973633 180
1726022823850 21.72636604309082 181
1726022823979 21.710350036621094 182
1726022824146 21.694385528564453 183
1726022824275 21.67847442626953 184
1726022824407 21.66261100769043 185
1726022824544 21.646800994873047 186
1726022824682 21.631038665771484 187
1726022824804 21.61532974243164 188
1726022824928 21.599668502807617 189
1726022825049 21.584056854248047 190
1726022825170 21.568492889404297 191
1726022825291 21.552982330322266 192
1726022825411 21.537517547607422 193
1726022825532 21.52210235595703 194
1726022825653 21.506732940673828 195
1726022825777 21.491413116455078 196
1726022825909 21.47614288330078 197
1726022826046 21.460914611816406 198
1726022826170 21.44573402404785 199
1726022826292 21.430601119995117 200
1726022826411 21.41551399230957 201
1726022826533 21.40047264099121 202
1726022826656 21.385478973388672 203
1726022826777 21.370529174804688 204
1726022826899 21.35562515258789 205
1726022827022 21.340763092041016 206
1726022827143 21.325946807861328 207
1726022827267 21.311174392700195 208
1726022827387 21.296443939208984 209
1726022827507 21.28175926208496 210
1726022827628 21.26711654663086 211
1726022827750 21.252519607543945 212
1726022827871 21.237960815429688 213
1726022827991 21.223445892333984 214
1726022828110 21.208972930908203 215
1726022828230 21.19454574584961 216
1726022828352 21.180152893066406 217
1726022828472 21.16580581665039 218
1726022828594 21.151498794555664 219
1726022828714 21.13723373413086 220
1726022828836 21.12300682067871 221
1726022828955 21.10881805419922 222
1726022829076 21.09467315673828 223
1726022829202 21.08056640625 224
1726022829330 21.06650161743164 225
1726022829451 21.052473068237305 226
1726022829572 21.038484573364258 227
1726022829693 21.024532318115234 228
1726022829814 21.0106201171875 229
1726022829935 20.996749877929688 230
1726022830054 20.982912063598633 231
1726022830173 20.969114303588867 232
1726022830293 20.955352783203125 233
1726022830412 20.941627502441406 234
1726022830532 20.927940368652344 235
1726022830654 20.91429328918457 236
1726022830774 20.900678634643555 237
1726022830896 20.887100219726562 238
1726022831017 20.873558044433594 239
1726022831140 20.86005401611328 240
1726022831262 20.84658432006836 241
1726022831394 20.833148956298828 242
1726022831525 20.819747924804688 243
1726022831645 20.806386947631836 244
1726022831766 20.79305648803711 245
1726022831887 20.779760360717773 246
1726022832007 20.766498565673828 247
1726022832128 20.75326919555664 248
1726022832249 20.74007797241211 249
1726022832368 20.72691535949707 250
1726022832490 20.713788986206055 251
1726022832609 20.70069694519043 252
1726022832728 20.687637329101562 253
1726022832849 20.674606323242188 254
1726022832990 20.661611557006836 255
1726022833132 20.64864730834961 256
1726022833264 20.63571548461914 257
1726022833386 20.622819900512695 258
1726022833508 20.60995101928711 259
1726022833630 20.59711456298828 260
1726022833750 20.58431053161621 261
1726022833871 20.571537017822266 262
1726022833991 20.558794021606445 263
1726022834110 20.54608154296875 264
1726022834231 20.533401489257812 265
1726022834351 20.520748138427734 266
1726022834474 20.508129119873047 267
1726022834596 20.495540618896484 268
1726022834717 20.48297691345215 269
1726022834839 20.470447540283203 270
1726022834959 20.457944869995117 271
1726022835079 20.445470809936523 272
1726022835201 20.433029174804688 273
1726022835320 20.42061424255371 274
1726022835439 20.40822982788086 275
1726022835560 20.395872116088867 276
1726022835682 20.383543014526367 277
1726022835803 20.371240615844727 278
1726022835922 20.35896873474121 279
1726022836043 20.346723556518555 280
1726022836173 20.334505081176758 281
1726022836295 20.322315216064453 282
1726022836416 20.31015396118164 283
1726022836535 20.298019409179688 284
1726022836655 20.285911560058594 285
1726022836778 20.27383041381836 286
1726022836898 20.261775970458984 287
1726022837018 20.249746322631836 288
1726022837138 20.23774528503418 289
1726022837264 20.22576904296875 290
1726022837384 20.21381950378418 291
1726022837502 20.201894760131836 292
1726022837623 20.18999671936035 293
1726022837744 20.178125381469727 294
1726022837871 20.166278839111328 295
1726022837997 20.154457092285156 296
1726022838117 20.14266014099121 297
1726022838239 20.130889892578125 298
1726022838358 20.119142532348633 299
1726022838479 20.107419967651367 300
1726022838600 20.095722198486328 301
1726022838721 20.084049224853516 302
1726022838843 20.07240104675293 303
1726022838966 20.060775756835938 304
1726022839091 20.049175262451172 305
1726022839237 20.03759765625 306
1726022839359 20.026042938232422 307
1726022839481 20.014514923095703 308
1726022839602 20.003007888793945 309
1726022839723 19.99152374267578 310
1726022839844 19.98006248474121 311
1726022839967 19.968626022338867 312
1726022840087 19.957210540771484 313
1726022840215 19.945817947387695 314
1726022840336 19.934450149536133 315
1726022840493 19.9231014251709 316
1726022840614 19.911775588989258 317
1726022840735 19.900474548339844 318
1726022840857 19.88919448852539 319
1726022840977 19.8779354095459 320
1726022841096 19.866701126098633 321
1726022841218 19.855484008789062 322
1726022841339 19.844289779663086 323
1726022841461 19.833118438720703 324
1726022841583 19.82196617126465 325
1726022841705 19.810836791992188 326
1726022841826 19.799726486206055 327
1726022841945 19.78864097595215 328
1726022842064 19.777572631835938 329
1726022842184 19.766525268554688 330
1726022842307 19.755502700805664 331
1726022842430 19.744495391845703 332
1726022842549 19.733509063720703 333
1726022842669 19.722543716430664 334
1726022842789 19.711599349975586 335
1726022842910 19.700674057006836 336
1726022843033 19.689769744873047 337
1726022843153 19.678884506225586 338
1726022843274 19.66801643371582 339
1726022843398 19.65717124938965 340
1726022843519 19.646347045898438 341
1726022843641 19.63553810119629 342
1726022843762 19.6247501373291 343
1726022843883 19.613981246948242 344
1726022844003 19.603229522705078 345
1726022844123 19.592498779296875 346
1726022844246 19.581785202026367 347
1726022844374 19.57109260559082 348
1726022844495 19.560415267944336 349
1726022844616 19.54975700378418 350
1726022844735 19.53911781311035 351
1726022844856 19.528499603271484 352
1726022844978 19.51789665222168 353
1726022845098 19.50731086730957 354
1726022845219 19.49674415588379 355
1726022845338 19.486196517944336 356
1726022845456 19.475666046142578 357
1726022845578 19.465150833129883 358
1726022845699 19.45465660095215 359
1726022845819 19.444177627563477 360
1726022845941 19.433717727661133 361
1726022846060 19.42327308654785 362
1726022846180 19.4128475189209 363
1726022846300 19.402437210083008 364
1726022846420 19.39204216003418 365
1726022846542 19.381668090820312 366
1726022846664 19.371309280395508 367
1726022846785 19.3609676361084 368
1726022846906 19.35063934326172 369
1726022847027 19.340330123901367 370
1726022847146 19.33003807067871 371
1726022847267 19.319761276245117 372
1726022847385 19.309499740600586 373
1726022847504 19.29925537109375 374
1726022847627 19.28902816772461 375
1726022847748 19.27881622314453 376
1726022847869 19.268619537353516 377
1726022847987 19.258440017700195 378
1726022848110 19.248273849487305 379
1726022848230 19.238122940063477 380
1726022848353 19.227991104125977 381
1726022848473 19.217872619628906 382
1726022848594 19.2077693939209 383
1726022848715 19.197681427001953 384
1726022848835 19.187610626220703 385
1726022848953 19.177553176879883 386
1726022849076 19.167509078979492 387
1726022849200 19.157482147216797 388
1726022849322 19.147470474243164 389
1726022849441 19.13747215270996 390
1726022849561 19.12748908996582 391
1726022849680 19.117521286010742 392
1726022849801 19.107566833496094 393
1726022849923 19.097627639770508 394
1726022850044 19.087703704833984 395
1726022850165 19.07779312133789 396
1726022850289 19.06789779663086 397
1726022850412 19.058013916015625 398
1726022850534 19.048147201538086 399
1726022850655 19.038293838500977 400
1726022850775 19.028453826904297 401
1726022850895 19.018627166748047 402
1726022851017 19.00881576538086 403
1726022851138 18.99901580810547 404
1726022851257 18.989233016967773 405
1726022851376 18.979461669921875 406
1726022851496 18.969703674316406 407
1726022851616 18.9599609375 408
1726022851737 18.950227737426758 409
1726022851859 18.94051170349121 410
1726022851979 18.93080711364746 411
1726022852112 18.921117782592773 412
1726022852242 18.91143798828125 413
1726022852360 18.901775360107422 414
1726022852482 18.892122268676758 415
1726022852602 18.882484436035156 416
1726022852721 18.87285804748535 417
1726022852840 18.863245010375977 418
1726022852959 18.85364532470703 419
1726022853078 18.844057083129883 420
1726022853198 18.834482192993164 421
1726022853319 18.824920654296875 422
1726022853439 18.81536865234375 423
1726022853561 18.80583381652832 424
1726022853681 18.796306610107422 425
1726022853809 18.786794662475586 426
1726022853928 18.777294158935547 427
1726022854052 18.767805099487305 428
1726022854172 18.758329391479492 429
1726022854297 18.748865127563477 430
1726022854419 18.739412307739258 431
1726022854543 18.72997283935547 432
1726022854664 18.720542907714844 433
1726022854787 18.71112823486328 434
1726022854908 18.70172119140625 435
1726022855027 18.69232749938965 436
1726022855147 18.682947158813477 437
1726022855268 18.67357635498047 438
1726022855387 18.66421890258789 439
1726022855509 18.654870986938477 440
1726022855631 18.645538330078125 441
1726022855752 18.636213302612305 442
1726022855872 18.626901626586914 443
1726022855992 18.617597579956055 444
1726022856111 18.608308792114258 445
1726022856231 18.599027633666992 446
1726022856351 18.58976173400879 447
1726022856474 18.58050537109375 448
1726022856594 18.571256637573242 449
1726022856714 18.562023162841797 450
1726022856835 18.552799224853516 451
1726022856956 18.5435848236084 452
1726022857076 18.534381866455078 453
1726022857205 18.525190353393555 454
1726022857332 18.516008377075195 455
1726022857452 18.506837844848633 456
1726022857572 18.497676849365234 457
1726022857693 18.488529205322266 458
1726022857813 18.479389190673828 459
1726022857932 18.470260620117188 460
1726022858053 18.461143493652344 461
1726022858172 18.452035903930664 462
1726022858311 18.44293785095215 463
1726022858433 18.43385124206543 464
1726022858552 18.424772262573242 465
1726022858675 18.415706634521484 466
1726022858797 18.406648635864258 467
1726022858918 18.39760398864746 468
1726022859037 18.388565063476562 469
1726022859156 18.379539489746094 470
1726022859278 18.370521545410156 471
1726022859400 18.361515045166016 472
1726022859519 18.352516174316406 473
1726022859640 18.343530654907227 474
1726022859759 18.334552764892578 475
1726022859879 18.325584411621094 476
1726022859998 18.316625595092773 477
1726022860121 18.30767822265625 478
1726022860241 18.298736572265625 479
1726022860363 18.289806365966797 480
1726022860482 18.280887603759766 481
1726022860602 18.271976470947266 482
1726022860725 18.26307487487793 483
1726022860844 18.25418472290039 484
1726022860963 18.245302200317383 485
1726022861085 18.236427307128906 486
1726022861205 18.227561950683594 487
1726022861325 18.218708038330078 488
1726022861445 18.209861755371094 489
1726022861564 18.20102310180664 490
1726022861684 18.192197799682617 491
1726022861805 18.18337631225586 492
1726022861925 18.174571990966797 493
1726022862045 18.165767669677734 494
1726022862164 18.15697479248047 495
1726022862287 18.148193359375 496
1726022862409 18.139415740966797 497
1726022862533 18.130653381347656 498
1726022862654 18.121896743774414 499
1726022862776 18.113147735595703 500
1726022862899 18.104408264160156 501
1726022863035 18.095678329467773 502
1726022863172 18.08695411682129 503
1726022863301 18.0782413482666 504
1726022863423 18.069538116455078 505
1726022863543 18.060840606689453 506
1726022863662 18.052152633666992 507
1726022863780 18.043472290039062 508
1726022863902 18.034799575805664 509
1726022864026 18.026138305664062 510
1726022864146 18.017484664916992 511
1726022864273 18.008838653564453 512
1726022864430 18.000200271606445 513
1726022864552 17.99156951904297 514
1726022864672 17.982946395874023 515
1726022864795 17.974334716796875 516
1726022864917 17.965726852416992 517
1726022865037 17.957130432128906 518
1726022865158 17.94854164123535 519
1726022865279 17.939960479736328 520
1726022865400 17.931386947631836 521
1726022865523 17.922821044921875 522
1726022865642 17.914264678955078 523
1726022865763 17.90571403503418 524
1726022865884 17.897171020507812 525
1726022866006 17.88863754272461 526
1726022866132 17.880109786987305 527
1726022866254 17.871593475341797 528
1726022866376 17.863082885742188 529
1726022866498 17.85457992553711 530
1726022866617 17.846084594726562 531
1726022866740 17.837596893310547 532
1726022866859 17.829116821289062 533
1726022866978 17.820642471313477 534
1726022867097 17.812177658081055 535
1726022867230 17.803720474243164 536
1726022867350 17.795270919799805 537
1726022867472 17.786828994750977 538
1726022867593 17.778392791748047 539
1726022867715 17.76996421813965 540
1726022867837 17.761545181274414 541
1726022867956 17.753129959106445 542
1726022868076 17.744726181030273 543
1726022868198 17.736326217651367 544
1726022868319 17.727935791015625 545
1726022868440 17.719552993774414 546
1726022868560 17.71117401123047 547
1726022868680 17.702804565429688 548
1726022868801 17.694442749023438 549
1726022868921 17.686084747314453 550
1726022869043 17.6777400970459 551
1726022869171 17.669397354125977 552
1726022869294 17.661062240600586 553
1726022869418 17.652732849121094 554
1726022869539 17.6444149017334 555
1726022869659 17.63610076904297 556
1726022869782 17.62779426574707 557
1726022869902 17.619497299194336 558
1726022870025 17.611202239990234 559
1726022870147 17.602914810180664 560
1726022870266 17.594635009765625 561
1726022870387 17.58636474609375 562
1726022870507 17.57809829711914 563
1726022870626 17.569839477539062 564
1726022870747 17.561586380004883 565
1726022870869 17.553342819213867 566
1726022870988 17.54510498046875 567
1726022871108 17.53687286376953 568
1726022871230 17.52864646911621 569
1726022871350 17.520427703857422 570
1726022871471 17.51221466064453 571
1726022871592 17.504009246826172 572
1726022871711 17.495811462402344 573
1726022871833 17.48761558532715 574
1726022871953 17.479429244995117 575
1726022872074 17.471248626708984 576
1726022872196 17.463075637817383 577
1726022872318 17.454910278320312 578
1726022872439 17.44675064086914 579
1726022872562 17.4385929107666 580
1726022872684 17.43044662475586 581
1726022872805 17.422306060791016 582
1726022872927 17.41417121887207 583
1726022873048 17.40604019165039 584
1726022873167 17.397916793823242 585
1726022873287 17.389801025390625 586
1726022873409 17.38169288635254 587
1726022873527 17.373586654663086 588
1726022873647 17.365488052368164 589
1726022873768 17.357397079467773 590
1726022873887 17.349313735961914 591
1726022874014 17.34123420715332 592
1726022874142 17.333158493041992 593
1726022874263 17.325092315673828 594
1726022874384 17.317028045654297 595
1726022874506 17.30897331237793 596
1726022874625 17.30092430114746 597
1726022874744 17.29288101196289 598
1726022874877 17.28484344482422 599
1726022874996 17.276811599731445 600
1726022875119 17.26878547668457 601
1726022875261 17.260765075683594 602
1726022875383 17.25275230407715 603
1726022875504 17.24474334716797 604
1726022875625 17.236743927001953 605
1726022875746 17.228744506835938 606
1726022875864 17.220754623413086 607
1726022875988 17.2127685546875 608
1726022876111 17.204792022705078 609
1726022876241 17.19681739807129 610
1726022876363 17.18885040283203 611
1726022876484 17.180889129638672 612
1726022876604 17.172931671142578 613
1726022876726 17.164981842041016 614
1726022876849 17.15703582763672 615
1726022876968 17.14909553527832 616
1726022877089 17.141162872314453 617
1726022877210 17.133235931396484 618
1726022877330 17.12531280517578 619
1726022877452 17.117395401000977 620
1726022877572 17.10948371887207 621
1726022877693 17.101577758789062 622
1726022877814 17.093677520751953 623
1726022877934 17.085783004760742 624
1726022878053 17.07789421081543 625
1726022878173 17.070011138916016 626
1726022878292 17.062131881713867 627
1726022878414 17.054258346557617 628
1726022878535 17.046390533447266 629
1726022878656 17.038528442382812 630
1726022878776 17.030670166015625 631
1726022878899 17.02281951904297 632
1726022879020 17.01497459411621 633
1726022879139 17.007131576538086 634
1726022879260 16.999296188354492 635
1726022879380 16.991466522216797 636
1726022879505 16.983642578125 637
1726022879624 16.97582244873047 638
1726022879743 16.968006134033203 639
1726022879864 16.96019744873047 640
1726022879984 16.952390670776367 641
1726022880104 16.944595336914062 642
1726022880224 16.936800003051758 643
1726022880343 16.929012298583984 644
1726022880465 16.921228408813477 645
1726022880590 16.913450241088867 646
1726022880712 16.905675888061523 647
1726022880833 16.897907257080078 648
1726022880953 16.89014434814453 649
1726022881074 16.882389068603516 650
1726022881195 16.874635696411133 651
1726022881317 16.86688804626465 652
1726022881442 16.859142303466797 653
1726022881562 16.851408004760742 654
1726022881689 16.843671798706055 655
1726022881810 16.83594512939453 656
1726022881930 16.828222274780273 657
1726022882051 16.820505142211914 658
1726022882172 16.81279182434082 659
1726022882292 16.805086135864258 660
1726022882413 16.797382354736328 661
1726022882536 16.789684295654297 662
1726022882659 16.7819881439209 663
1726022882780 16.77429962158203 664
1726022882899 16.766618728637695 665
1726022883024 16.75893783569336 666
1726022883145 16.751264572143555 667
1726022883266 16.743595123291016 668
1726022883384 16.735929489135742 669
1726022883503 16.728273391723633 670
1726022883623 16.720617294311523 671
1726022883745 16.712966918945312 672
1726022883868 16.705322265625 673
1726022883987 16.697681427001953 674
1726022884107 16.690046310424805 675
1726022884231 16.682415008544922 676
1726022884350 16.674787521362305 677
1726022884472 16.66716766357422 678
1726022884595 16.659549713134766 679
1726022884715 16.651935577392578 680
1726022884836 16.644329071044922 681
1726022884955 16.63672637939453 682
1726022885077 16.62912940979004 683
1726022885197 16.62153434753418 684
1726022885319 16.61394691467285 685
1726022885439 16.606361389160156 686
1726022885586 16.59878158569336 687
1726022885715 16.591205596923828 688
1726022885835 16.583633422851562 689
1726022885957 16.576066970825195 690
1726022886081 16.568506240844727 691
1726022886201 16.560951232910156 692
1726022886320 16.553394317626953 693
1726022886441 16.545848846435547 694
1726022886562 16.53830337524414 695
1726022886682 16.530765533447266 696
1726022886803 16.523231506347656 697
1726022886927 16.51569938659668 698
1726022887045 16.5081729888916 699
1726022887166 16.500652313232422 700
1726022887288 16.493135452270508 701
1726022887412 16.48562240600586 702
1726022887531 16.478113174438477 703
1726022887652 16.470609664916992 704
1726022887775 16.463109970092773 705
1726022887895 16.45561408996582 706
1726022888015 16.448123931884766 707
1726022888134 16.44063949584961 708
1726022888259 16.433155059814453 709
1726022888380 16.425678253173828 710
1726022888504 16.418203353881836 711
1726022888623 16.410734176635742 712
1726022888746 16.403268814086914 713
1726022888864 16.395809173583984 714
1726022888985 16.388351440429688 715
1726022889106 16.380903244018555 716
1726022889233 16.37345314025879 717
1726022889353 16.366010665893555 718
1726022889472 16.358570098876953 719
1726022889592 16.35113525390625 720
1726022889715 16.34370231628418 721
1726022889834 16.33627700805664 722
1726022889955 16.328855514526367 723
1726022890078 16.321435928344727 724
1726022890202 16.314022064208984 725
1726022890325 16.306612014770508 726
1726022890446 16.299203872680664 727
1726022890567 16.291805267333984 728
1726022890686 16.284406661987305 729
1726022890807 16.277013778686523 730
1726022890927 16.269622802734375 731
1726022891048 16.262235641479492 732
1726022891168 16.25485610961914 733
1726022891288 16.247478485107422 734
1726022891408 16.2401065826416 735
1726022891528 16.23273468017578 736
1726022891650 16.225372314453125 737
1726022891772 16.2180118560791 738
1726022891891 16.210657119750977 739
1726022892012 16.20330047607422 740
1726022892134 16.195953369140625 741
1726022892256 16.188608169555664 742
1726022892378 16.1812686920166 743
1726022892498 16.17392921447754 744
1726022892617 16.166597366333008 745
1726022892738 16.159265518188477 746
1726022892857 16.151941299438477 747
1726022892998 16.144622802734375 748
1726022893140 16.137306213378906 749
1726022893294 16.12999153137207 750
1726022893416 16.122682571411133 751
1726022893541 16.115379333496094 752
1726022893670 16.108076095581055 753
1726022893790 16.100778579711914 754
1726022893912 16.093486785888672 755
1726022894033 16.08619499206543 756
1726022894152 16.07891082763672 757
1726022894284 16.07162857055664 758
1726022894412 16.06435203552246 759
1726022894533 16.057077407836914 760
1726022894657 16.049806594848633 761
1726022894778 16.042539596557617 762
1726022894899 16.0352783203125 763
1726022895018 16.028018951416016 764
1726022895142 16.02076530456543 765
1726022895263 16.013513565063477 766
1726022895383 16.006267547607422 767
1726022895504 15.9990234375 768
1726022895623 15.991783142089844 769
1726022895743 15.984545707702637 770
1726022895863 15.977314949035645 771
1726022895983 15.970087051391602 772
1726022896104 15.962861061096191 773
1726022896226 15.95564079284668 774
1726022896355 15.948423385620117 775
1726022896501 15.94121265411377 776
1726022896653 15.934000968933105 777
1726022896796 15.926795959472656 778
1726022896941 15.919594764709473 779
1726022897072 15.912394523620605 780
1726022897193 15.905200958251953 781
1726022897320 15.898009300231934 782
1726022897452 15.89082145690918 783
1726022897584 15.883637428283691 784
1726022897708 15.876456260681152 785
1726022897826 15.869280815124512 786
1726022897952 15.86210823059082 787
1726022898072 15.854940414428711 788
1726022898191 15.847774505615234 789
1726022898312 15.840611457824707 790
1726022898430 15.833454132080078 791
1726022898549 15.826299667358398 792
1726022898667 15.819149017333984 793
1726022898787 15.81200122833252 794
1726022898906 15.80485725402832 795
1726022899033 15.79771900177002 796
1726022899153 15.790580749511719 797
1726022899272 15.783449172973633 798
1726022899391 15.776318550109863 799
1726022899509 15.769193649291992 800
1726022899628 15.76207160949707 801
1726022899751 15.754953384399414 802
1726022899870 15.747838020324707 803
1726022899990 15.740724563598633 804
1726022900110 15.73361873626709 805
1726022900231 15.726512908935547 806
1726022900351 15.719413757324219 807
1726022900470 15.712315559387207 808
1726022900590 15.705221176147461 809
1726022900711 15.698131561279297 810
1726022900833 15.691043853759766 811
1726022900953 15.6839599609375 812
1726022901073 15.676880836486816 813
1726022901194 15.669804573059082 814
1726022901314 15.662732124328613 815
1726022901433 15.655662536621094 816
1726022901552 15.64859676361084 817
1726022901672 15.641533851623535 818
1726022901790 15.634474754333496 819
1726022901911 15.627418518066406 820
1726022902029 15.620365142822266 821
1726022902148 15.613317489624023 822
1726022902267 15.60627269744873 823
1726022902387 15.599231719970703 824
1726022902508 15.592191696166992 825
1726022902627 15.58515739440918 826
1726022902746 15.578125 827
1726022902866 15.571097373962402 828
1726022902984 15.56407356262207 829
1726022903104 15.557050704956055 830
1726022903225 15.550033569335938 831
1726022903344 15.543018341064453 832
1726022903462 15.536006927490234 833
1726022903581 15.528999328613281 834
1726022903700 15.521995544433594 835
1726022903820 15.514993667602539 836
1726022903938 15.507994651794434 837
1726022904066 15.501001358032227 838
1726022904185 15.494009971618652 839
1726022904306 15.487021446228027 840
1726022904424 15.480037689208984 841
1726022904546 15.473055839538574 842
1726022904667 15.466079711914062 843
1726022904808 15.459105491638184 844
1726022904948 15.452134132385254 845
1726022905068 15.445164680480957 846
1726022905186 15.438200950622559 847
1726022905306 15.431241035461426 848
1726022905424 15.424281120300293 849
1726022905571 15.417326927185059 850
1726022905693 15.410374641418457 851
1726022905815 15.403426170349121 852
1726022905935 15.396482467651367 853
1726022906062 15.389540672302246 854
1726022906199 15.38260269165039 855
1726022906315 15.375667572021484 856
1726022906438 15.368734359741211 857
1726022906561 15.36180591583252 858
1726022906680 15.354879379272461 859
1726022906805 15.347957611083984 860
1726022906923 15.341039657592773 861
1726022907066 15.334122657775879 862
1726022907186 15.3272123336792 863
1726022907308 15.320301055908203 864
1726022907430 15.313395500183105 865
1726022907548 15.306492805480957 866
1726022907666 15.299593925476074 867
1726022907787 15.292696952819824 868
1726022907906 15.285802841186523 869
1726022908026 15.278913497924805 870
1726022908144 15.272027969360352 871
1726022908263 15.265144348144531 872
1726022908381 15.25826358795166 873
1726022908499 15.251387596130371 874
1726022908619 15.244511604309082 875
1726022908737 15.237639427185059 876
1726022908856 15.23077392578125 877
1726022908980 15.223909378051758 878
1726022909099 15.217045783996582 879
1726022909236 15.210186958312988 880
1726022909355 15.203333854675293 881
1726022909473 15.196480751037598 882
1726022909612 15.189630508422852 883
1726022909732 15.182785987854004 884
1726022909850 15.175943374633789 885
1726022909994 15.169103622436523 886
1726022910122 15.162267684936523 887
1726022910241 15.155431747436523 888
1726022910360 15.148602485656738 889
1726022910480 15.141775131225586 890
1726022910601 15.1349515914917 891
1726022910721 15.128130912780762 892
1726022910839 15.121313095092773 893
1726022910957 15.114497184753418 894
1726022911077 15.107686042785645 895
1726022911198 15.100879669189453 896
1726022911316 15.094069480895996 897
1726022911435 15.087267875671387 898
1726022911554 15.08047103881836 899
1726022911675 15.073671340942383 900
1726022911795 15.066879272460938 901
1726022911915 15.060090065002441 902
1726022912058 15.053301811218262 903
1726022912183 15.046517372131348 904
1726022912317 15.039737701416016 905
1726022912437 15.032958030700684 906
1726022912554 15.026183128356934 907
1726022912675 15.019410133361816 908
1726022912795 15.012642860412598 909
1726022912916 15.005877494812012 910
1726022913035 14.999114990234375 911
1726022913154 14.992353439331055 912
1726022913276 14.985597610473633 913
1726022913395 14.978842735290527 914
1726022913516 14.972092628479004 915
1726022913637 14.965343475341797 916
1726022913756 14.958599090576172 917
1726022913874 14.951855659484863 918
1726022913995 14.945117950439453 919
1726022914114 14.938380241394043 920
1726022914233 14.931648254394531 921
1726022914352 14.924919128417969 922
1726022914470 14.918190956115723 923
1726022914590 14.911465644836426 924
1726022914710 14.904745101928711 925
1726022914829 14.898027420043945 926
1726022914954 14.891312599182129 927
1726022915075 14.884599685668945 928
1726022915194 14.877890586853027 929
1726022915314 14.871184349060059 930
1726022915434 14.864482879638672 931
1726022915559 14.857779502868652 932
1726022915688 14.851081848144531 933
1726022915821 14.84438705444336 934
1726022915949 14.837696075439453 935
1726022916087 14.83100700378418 936
1726022916219 14.824320793151855 937
1726022916343 14.817636489868164 938
1726022916476 14.810956954956055 939
1726022916605 14.804281234741211 940
1726022916727 14.797606468200684 941
1726022916906 14.790937423706055 942
1726022917101 14.784266471862793 943
1726022917249 14.77760124206543 944
1726022917393 14.7709379196167 945
1726022917529 14.764281272888184 946
1726022917659 14.757622718811035 947
1726022917783 14.750968933105469 948
1726022917916 14.744317054748535 949
1726022918082 14.7376708984375 950
1726022918200 14.731023788452148 951
1726022918324 14.724381446838379 952
1726022918443 14.717741966247559 953
1726022918564 14.711105346679688 954
1726022918687 14.70447063446045 955
1726022918807 14.697840690612793 956
1726022918927 14.691213607788086 957
1726022919058 14.684586524963379 958
1726022919177 14.677966117858887 959
1726022919295 14.671346664428711 960
1726022919416 14.664728164672852 961
1726022919534 14.65811538696289 962
1726022919654 14.651505470275879 963
1726022919784 14.644896507263184 964
1726022919927 14.638290405273438 965
1726022920054 14.631688117980957 966
1726022920184 14.625089645385742 967
1726022920309 14.618492126464844 968
1726022920427 14.611898422241211 969
1726022920547 14.605306625366211 970
1726022920665 14.59871768951416 971
1726022920786 14.592132568359375 972
1726022920906 14.585550308227539 973
1726022921031 14.578969955444336 974
1726022921150 14.572392463684082 975
1726022921268 14.565818786621094 976
1726022921387 14.559246063232422 977
1726022921509 14.552679061889648 978
1726022921634 14.546113014221191 979
1726022921756 14.539549827575684 980
1726022921873 14.532988548278809 981
1726022921991 14.526432037353516 982
1726022922109 14.519876480102539 983
1726022922230 14.513324737548828 984
1726022922351 14.506773948669434 985
1726022922471 14.500227928161621 986
1726022922591 14.493683815002441 987
1726022922709 14.48714542388916 988
1726022922828 14.480606079101562 989
1726022922963 14.47407054901123 990
1726022923105 14.467538833618164 991
1726022923250 14.461008071899414 992
1726022923374 14.454482078552246 993
1726022923494 14.447956085205078 994
1726022923613 14.441431999206543 995
1726022923734 14.434916496276855 996
1726022923853 14.428400993347168 997
1726022923975 14.421886444091797 998
1726022924095 14.415375709533691 999
