1726021300585 26.481382369995117 0
1726021300713 26.449371337890625 1
1726021300842 26.417457580566406 2
1726021300962 26.385635375976562 3
1726021301087 26.35390281677246 4
1726021301235 26.322265625 5
1726021301367 26.290719985961914 6
1726021301495 26.259273529052734 7
1726021301614 26.22791862487793 8
1726021301739 26.196657180786133 9
1726021301858 26.165491104125977 10
1726021301975 26.134424209594727 11
1726021302093 26.103452682495117 12
1726021302213 26.07257652282715 13
1726021302328 26.041797637939453 14
1726021302443 26.01111602783203 15
1726021302558 25.980531692504883 16
1726021302674 25.950040817260742 17
1726021302791 25.91965103149414 18
1726021302923 25.889354705810547 19
1726021303050 25.859159469604492 20
1726021303178 25.829059600830078 21
1726021303291 25.79905891418457 22
1726021303403 25.76915168762207 23
1726021303518 25.73934555053711 24
1726021303632 25.709638595581055 25
1726021303747 25.680021286010742 26
1726021303860 25.650510787963867 27
1726021303974 25.621089935302734 28
1726021304086 25.591766357421875 29
1726021304197 25.562545776367188 30
1726021304310 25.533422470092773 31
1726021304428 25.504390716552734 32
1726021304541 25.4754581451416 33
1726021304654 25.44662094116211 34
1726021304767 25.417882919311523 35
1726021304878 25.389236450195312 36
1726021304991 25.360694885253906 37
1726021305132 25.332239151000977 38
1726021305257 25.30388069152832 39
1726021305377 25.27562141418457 40
1726021305499 25.247455596923828 41
1726021305613 25.219385147094727 42
1726021305731 25.191410064697266 43
1726021305843 25.16352653503418 44
1726021305989 25.135740280151367 45
1726021306120 25.108041763305664 46
1726021306240 25.0804386138916 47
1726021306360 25.05293083190918 48
1726021306476 25.025514602661133 49
1726021306590 24.998193740844727 50
1726021306706 24.97096061706543 51
1726021306826 24.943822860717773 52
1726021306940 24.916772842407227 53
1726021307055 24.889816284179688 54
1726021307205 24.86294937133789 55
1726021307328 24.83617401123047 56
1726021307454 24.809486389160156 57
1726021307578 24.78289222717285 58
1726021307717 24.75638771057129 59
1726021307846 24.729970932006836 60
1726021307997 24.703641891479492 61
1726021308132 24.677400588989258 62
1726021308259 24.651254653930664 63
1726021308373 24.625186920166016 64
1726021308484 24.599212646484375 65
1726021308597 24.57332420349121 66
1726021308708 24.54752540588379 67
1726021308824 24.521808624267578 68
1726021308938 24.49618148803711 69
1726021309051 24.470638275146484 70
1726021309170 24.44518280029297 71
1726021309309 24.419815063476562 72
1726021309434 24.3945255279541 73
1726021309576 24.369321823120117 74
1726021309689 24.344207763671875 75
1726021309819 24.319171905517578 76
1726021309940 24.294225692749023 77
1726021310058 24.269357681274414 78
1726021310176 24.24457550048828 79
1726021310293 24.21987533569336 80
1726021310405 24.195262908935547 81
1726021310516 24.17072105407715 82
1726021310629 24.146270751953125 83
1726021310744 24.121898651123047 84
1726021310859 24.09760856628418 85
1726021310974 24.07339859008789 86
1726021311091 24.049270629882812 87
1726021311203 24.025218963623047 88
1726021311317 24.001249313354492 89
1726021311433 23.97736167907715 90
1726021311545 23.953554153442383 91
1726021311659 23.92982292175293 92
1726021311775 23.906173706054688 93
1726021311887 23.882600784301758 94
1726021312000 23.85910415649414 95
1726021312113 23.8356876373291 96
1726021312227 23.812349319458008 97
1726021312340 23.789087295532227 98
1726021312453 23.76590347290039 99
1726021312582 23.742794036865234 100
1726021312697 23.719764709472656 101
1726021312808 23.696809768676758 102
1726021312921 23.673931121826172 103
1726021313034 23.651126861572266 104
1726021313148 23.628400802612305 105
1726021313274 23.605749130249023 106
1726021313390 23.58316993713379 107
1726021313504 23.560667037963867 108
1726021313619 23.538236618041992 109
1726021313732 23.51588249206543 110
1726021313847 23.493600845336914 111
1726021313961 23.47139549255371 112
1726021314075 23.44925880432129 113
1726021314190 23.42719841003418 114
1726021314305 23.405208587646484 115
1726021314427 23.383291244506836 116
1726021314546 23.361448287963867 117
1726021314664 23.339675903320312 118
1726021314780 23.31797218322754 119
1726021314896 23.296344757080078 120
1726021315010 23.2747859954834 121
1726021315129 23.253297805786133 122
1726021315255 23.231884002685547 123
1726021315375 23.210535049438477 124
1726021315491 23.189258575439453 125
1726021315609 23.168052673339844 126
1726021315725 23.146915435791016 127
1726021315839 23.125844955444336 128
1726021315953 23.104848861694336 129
1726021316070 23.08391571044922 130
1726021316183 23.06305694580078 131
1726021316297 23.04226303100586 132
1726021316427 23.02153778076172 133
1726021316547 23.00088119506836 134
1726021316667 22.980289459228516 135
1726021316783 22.959766387939453 136
1726021316902 22.939313888549805 137
1726021317016 22.91892433166504 138
1726021317132 22.89859962463379 139
1726021317251 22.878345489501953 140
1726021317388 22.858158111572266 141
1726021317503 22.83803367614746 142
1726021317624 22.817974090576172 143
1726021317746 22.79798126220703 144
1726021317878 22.77805519104004 145
1726021318001 22.758193969726562 146
1726021318135 22.738393783569336 147
1726021318265 22.718660354614258 148
1726021318395 22.698993682861328 149
1726021318516 22.67938804626465 150
1726021318639 22.659847259521484 151
1726021318755 22.640369415283203 152
1726021318876 22.620956420898438 153
1726021318996 22.60160255432129 154
1726021319121 22.58231544494629 155
1726021319248 22.56308937072754 156
1726021319366 22.543928146362305 157
1726021319480 22.524826049804688 158
1726021319596 22.505788803100586 159
1726021319715 22.486812591552734 160
1726021319832 22.467899322509766 161
1726021319963 22.44904136657715 162
1726021320080 22.43025016784668 163
1726021320195 22.411518096923828 164
1726021320314 22.392847061157227 165
1726021320429 22.374237060546875 166
1726021320544 22.355684280395508 167
1726021320668 22.337196350097656 168
1726021320810 22.31876564025879 169
1726021320941 22.30039405822754 170
1726021321074 22.282085418701172 171
1726021321193 22.263830184936523 172
1726021321311 22.245637893676758 173
1726021321432 22.227502822875977 174
1726021321567 22.209430694580078 175
1726021321708 22.19141387939453 176
1726021321862 22.173452377319336 177
1726021321994 22.155553817749023 178
1726021322121 22.13770866394043 179
1726021322245 22.119924545288086 180
1726021322370 22.102197647094727 181
1726021322491 22.084524154663086 182
1726021322607 22.066911697387695 183
1726021322721 22.049354553222656 184
1726021322834 22.031856536865234 185
1726021322951 22.014408111572266 186
1726021323072 21.997024536132812 187
1726021323195 21.979692459106445 188
1726021323322 21.962413787841797 189
1726021323473 21.9451961517334 190
1726021323592 21.92803192138672 191
1726021323713 21.91092300415039 192
1726021323834 21.893869400024414 193
1726021323953 21.876867294311523 194
1726021324075 21.85992431640625 195
1726021324196 21.843034744262695 196
1726021324315 21.826196670532227 197
1726021324428 21.809415817260742 198
1726021324546 21.79269027709961 199
1726021324661 21.776012420654297 200
1726021324777 21.7593936920166 201
1726021324892 21.742826461791992 202
1726021325012 21.726314544677734 203
1726021325128 21.70985221862793 204
1726021325245 21.693443298339844 205
1726021325363 21.677087783813477 206
1726021325477 21.660785675048828 207
1726021325589 21.644535064697266 208
1726021325705 21.62833595275879 209
1726021325821 21.6121883392334 210
1726021325934 21.596092224121094 211
1726021326058 21.580049514770508 212
1726021326172 21.56406021118164 213
1726021326290 21.548118591308594 214
1726021326412 21.532228469848633 215
1726021326525 21.516387939453125 216
1726021326637 21.500600814819336 217
1726021326752 21.484865188598633 218
1726021326868 21.469179153442383 219
1726021326984 21.453542709350586 220
1726021327096 21.43795394897461 221
1726021327210 21.422414779663086 222
1726021327322 21.40692901611328 223
1726021327446 21.39149284362793 224
1726021327559 21.376102447509766 225
1726021327678 21.360761642456055 226
1726021327793 21.34547233581543 227
1726021327908 21.33023452758789 228
1726021328020 21.31503677368164 229
1726021328140 21.29989242553711 230
1726021328266 21.284799575805664 231
1726021328380 21.269750595092773 232
1726021328499 21.254751205444336 233
1726021328612 21.239797592163086 234
1726021328725 21.224891662597656 235
1726021328842 21.210037231445312 236
1726021328962 21.195226669311523 237
1726021329118 21.180463790893555 238
1726021329249 21.165748596191406 239
1726021329380 21.151081085205078 240
1726021329501 21.136459350585938 241
1726021329617 21.121883392333984 242
1726021329739 21.107357025146484 243
1726021329893 21.09287452697754 244
1726021330029 21.078439712524414 245
1726021330151 21.064048767089844 246
1726021330273 21.04970359802246 247
1726021330401 21.035402297973633 248
1726021330529 21.021150588989258 249
1726021330654 21.006942749023438 250
1726021330786 20.992778778076172 251
1726021330907 20.978660583496094 252
1726021331027 20.96458625793457 253
1726021331155 20.9505615234375 254
1726021331296 20.93657684326172 255
1726021331421 20.922637939453125 256
1726021331543 20.908742904663086 257
1726021331686 20.8948917388916 258
1726021331811 20.881084442138672 259
1726021331931 20.867321014404297 260
1726021332056 20.853601455688477 261
1726021332185 20.83992576599121 262
1726021332337 20.826292037963867 263
1726021332468 20.81270408630371 264
1726021332595 20.799158096313477 265
1726021332800 20.785654067993164 266
1726021332984 20.772193908691406 267
1726021333163 20.75877571105957 268
1726021333291 20.745399475097656 269
1726021333417 20.73206901550293 270
1726021333536 20.718778610229492 271
1726021333656 20.705530166625977 272
1726021333776 20.69232177734375 273
1726021333890 20.679157257080078 274
1726021334004 20.666034698486328 275
1726021334118 20.652952194213867 276
1726021334240 20.63991355895996 277
1726021334355 20.626914978027344 278
1726021334470 20.61395835876465 279
1726021334582 20.60103988647461 280
1726021334694 20.588163375854492 281
1726021334806 20.575328826904297 282
1726021334918 20.56253433227539 283
1726021335030 20.549779891967773 284
1726021335143 20.537063598632812 285
1726021335257 20.52439308166504 286
1726021335370 20.51175880432129 287
1726021335483 20.49916648864746 288
1726021335596 20.486610412597656 289
1726021335707 20.474096298217773 290
1726021335819 20.461624145507812 291
1726021335933 20.449186325073242 292
1726021336064 20.436790466308594 293
1726021336202 20.424434661865234 294
1726021336320 20.4121150970459 295
1726021336433 20.399837493896484 296
1726021336547 20.387596130371094 297
1726021336660 20.37539291381836 298
1726021336775 20.363229751586914 299
1726021336890 20.351106643676758 300
1726021337005 20.339019775390625 301
1726021337125 20.32697105407715 302
1726021337245 20.314958572387695 303
1726021337359 20.302989959716797 304
1726021337477 20.291051864624023 305
1726021337592 20.279155731201172 306
1726021337703 20.26729393005371 307
1726021337814 20.25547218322754 308
1726021337927 20.24368667602539 309
1726021338041 20.231937408447266 310
1726021338171 20.220226287841797 311
1726021338291 20.208553314208984 312
1726021338423 20.196914672851562 313
1726021338553 20.185314178466797 314
1726021338678 20.173749923706055 315
1726021338792 20.162220001220703 316
1726021338917 20.150728225708008 317
1726021339057 20.139272689819336 318
1726021339177 20.127853393554688 319
1726021339316 20.116470336914062 320
1726021339429 20.10512351989746 321
1726021339553 20.093807220458984 322
1726021339698 20.082530975341797 323
1726021339864 20.071290969848633 324
1726021340014 20.060083389282227 325
1726021340142 20.048912048339844 326
1726021340268 20.037776947021484 327
1726021340386 20.026676177978516 328
1726021340525 20.015609741210938 329
1726021340653 20.004579544067383 330
1726021340772 19.993581771850586 331
1726021340890 19.982620239257812 332
1726021341003 19.971691131591797 333
1726021341125 19.960798263549805 334
1726021341278 19.949941635131836 335
1726021341435 19.93911361694336 336
1726021341557 19.92832374572754 337
1726021341678 19.917566299438477 338
1726021341796 19.906843185424805 339
1726021341913 19.896150588989258 340
1726021342032 19.885494232177734 341
1726021342149 19.87487030029297 342
1726021342284 19.864282608032227 343
1726021342403 19.85372543334961 344
1726021342518 19.843202590942383 345
1726021342636 19.832712173461914 346
1726021342753 19.822254180908203 347
1726021342886 19.81182861328125 348
1726021343027 19.801437377929688 349
1726021343179 19.79107666015625 350
1726021343309 19.78074836730957 351
1726021343430 19.77045249938965 352
1726021343548 19.760190963745117 353
1726021343661 19.749961853027344 354
1726021343774 19.739761352539062 355
1726021343890 19.729595184326172 356
1726021344013 19.719459533691406 357
1726021344152 19.7093563079834 358
1726021344275 19.699283599853516 359
1726021344389 19.68924331665039 360
1726021344502 19.67923355102539 361
1726021344617 19.66925811767578 362
1726021344732 19.659311294555664 363
1726021344849 19.649396896362305 364
1726021344965 19.639511108398438 365
1726021345079 19.629657745361328 366
1726021345191 19.619836807250977 367
1726021345305 19.610044479370117 368
1726021345418 19.600282669067383 369
1726021345530 19.590551376342773 370
1726021345642 19.580852508544922 371
1726021345756 19.571182250976562 372
1726021345869 19.56154441833496 373
1726021345981 19.551931381225586 374
1726021346093 19.54235076904297 375
1726021346206 19.53280258178711 376
1726021346322 19.52328109741211 377
1726021346457 19.513790130615234 378
1726021346584 19.50433349609375 379
1726021346708 19.49489974975586 380
1726021346837 19.485498428344727 381
1726021346965 19.476125717163086 382
1726021347096 19.466781616210938 383
1726021347245 19.45746612548828 384
1726021347372 19.44818115234375 385
1726021347494 19.438926696777344 386
1726021347614 19.429698944091797 387
1726021347735 19.420499801635742 388
1726021347850 19.41132926940918 389
1726021347963 19.402189254760742 390
1726021348088 19.393075942993164 391
1726021348212 19.383991241455078 392
1726021348336 19.374935150146484 393
1726021348451 19.36590576171875 394
1726021348564 19.356908798217773 395
1726021348677 19.347936630249023 396
1726021348788 19.338991165161133 397
1726021348900 19.330078125 398
1726021349012 19.32118797302246 399
1726021349122 19.312326431274414 400
1726021349236 19.303495407104492 401
1726021349368 19.294687271118164 402
1726021349481 19.28590965270996 403
1726021349600 19.277158737182617 404
1726021349723 19.268436431884766 405
1726021349836 19.259740829467773 406
1726021349949 19.251070022583008 407
1726021350065 19.242427825927734 408
1726021350177 19.23381233215332 409
1726021350293 19.2252254486084 410
1726021350412 19.21666145324707 411
1726021350531 19.208126068115234 412
1726021350645 19.199617385864258 413
1726021350768 19.19113540649414 414
1726021350886 19.182680130004883 415
1726021350999 19.17424964904785 416
1726021351110 19.165843963623047 417
1726021351222 19.157468795776367 418
1726021351333 19.14911651611328 419
1726021351445 19.140790939331055 420
1726021351556 19.132492065429688 421
1726021351718 19.124217987060547 422
1726021351837 19.115970611572266 423
1726021351959 19.10774803161621 424
1726021352077 19.099550247192383 425
1726021352192 19.091379165649414 426
1726021352306 19.08323097229004 427
1726021352418 19.075111389160156 428
1726021352530 19.0670166015625 429
1726021352658 19.058944702148438 430
1726021352791 19.050899505615234 431
1726021352903 19.042879104614258 432
1726021353016 19.034883499145508 433
1726021353128 19.026912689208984 434
1726021353239 19.018966674804688 435
1726021353358 19.011045455932617 436
1726021353471 19.003149032592773 437
1726021353583 18.995275497436523 438
1726021353696 18.987428665161133 439
1726021353808 18.979604721069336 440
1726021353922 18.971805572509766 441
1726021354034 18.964031219482422 442
1726021354146 18.956279754638672 443
1726021354259 18.94855308532715 444
1726021354374 18.94084930419922 445
1726021354486 18.933168411254883 446
1726021354599 18.925512313842773 447
1726021354710 18.91788101196289 448
1726021354821 18.910274505615234 449
1726021354934 18.90268898010254 450
1726021355045 18.89512825012207 451
1726021355158 18.887590408325195 452
1726021355275 18.88007926940918 453
1726021355387 18.87258529663086 454
1726021355498 18.8651180267334 455
1726021355609 18.85767364501953 456
1726021355722 18.850252151489258 457
1726021355834 18.842853546142578 458
1726021355948 18.83547592163086 459
1726021356082 18.828125 460
1726021356194 18.82079315185547 461
1726021356307 18.813486099243164 462
1726021356419 18.80620002746582 463
1726021356529 18.798940658569336 464
1726021356640 18.79170036315918 465
1726021356752 18.784482955932617 466
1726021356864 18.777286529541016 467
1726021356975 18.770112991333008 468
1726021357087 18.762962341308594 469
1726021357197 18.755834579467773 470
1726021357309 18.748729705810547 471
1726021357422 18.74164390563965 472
1726021357534 18.734580993652344 473
1726021357647 18.7275390625 474
1726021357758 18.720521926879883 475
1726021357872 18.713523864746094 476
1726021357983 18.7065486907959 477
1726021358095 18.699596405029297 478
1726021358207 18.69266128540039 479
1726021358321 18.68575096130371 480
1726021358435 18.678861618041992 481
1726021358549 18.6719913482666 482
1726021358661 18.665143966674805 483
1726021358783 18.65831756591797 484
1726021358893 18.651512145996094 485
1726021359006 18.644729614257812 486
1726021359115 18.637968063354492 487
1726021359226 18.6312255859375 488
1726021359338 18.624502182006836 489
1726021359450 18.617801666259766 490
1726021359564 18.611122131347656 491
1726021359676 18.604461669921875 492
1726021359788 18.597824096679688 493
1726021359907 18.591205596923828 494
1726021360021 18.58460807800293 495
1726021360135 18.57802963256836 496
1726021360269 18.571474075317383 497
1726021360389 18.564937591552734 498
1726021360503 18.558420181274414 499
1726021360618 18.551921844482422 500
1726021360730 18.545446395874023 501
1726021360845 18.53898811340332 502
1726021360958 18.53255271911621 503
1726021361074 18.52613639831543 504
1726021361194 18.519739151000977 505
1726021361317 18.51336097717285 506
1726021361438 18.50700569152832 507
1726021361551 18.50066566467285 508
1726021361662 18.494348526000977 509
1726021361773 18.488046646118164 510
1726021361885 18.481769561767578 511
1726021362000 18.475509643554688 512
1726021362114 18.469268798828125 513
1726021362228 18.463045120239258 514
1726021362341 18.456844329833984 515
1726021362452 18.450660705566406 516
1726021362576 18.44449806213379 517
1726021362692 18.438350677490234 518
1726021362813 18.432226181030273 519
1726021362956 18.426118850708008 520
1726021363092 18.420028686523438 521
1726021363203 18.413959503173828 522
1726021363314 18.407907485961914 523
1726021363428 18.401874542236328 524
1726021363542 18.39586067199707 525
1726021363653 18.38986587524414 526
1726021363763 18.383888244628906 527
1726021363874 18.3779296875 528
1726021363986 18.371990203857422 529
1726021364107 18.36606788635254 530
1726021364237 18.360164642333984 531
1726021364356 18.354280471801758 532
1726021364518 18.34840965270996 533
1726021364647 18.342561721801758 534
1726021364776 18.336729049682617 535
1726021364931 18.330915451049805 536
1726021365064 18.32512092590332 537
1726021365186 18.31934356689453 538
1726021365311 18.313587188720703 539
1726021365430 18.307842254638672 540
1726021365551 18.30211639404297 541
1726021365664 18.296409606933594 542
1726021365783 18.290721893310547 543
1726021365911 18.285049438476562 544
1726021366036 18.279394149780273 545
1726021366153 18.273759841918945 546
1726021366275 18.268138885498047 547
1726021366388 18.262535095214844 548
1726021366503 18.2569522857666 549
1726021366618 18.251384735107422 550
1726021366737 18.245832443237305 551
1726021366854 18.24030113220215 552
1726021366974 18.234783172607422 553
1726021367103 18.229284286499023 554
1726021367216 18.223800659179688 555
1726021367336 18.218334197998047 556
1726021367458 18.2128849029541 557
1726021367585 18.20745277404785 558
1726021367703 18.202037811279297 559
1726021367816 18.196640014648438 560
1726021367937 18.19125747680664 561
1726021368057 18.18589210510254 562
1726021368172 18.180540084838867 563
1726021368307 18.175209045410156 564
1726021368436 18.169891357421875 565
1726021368548 18.16459083557129 566
1726021368668 18.15930938720703 567
1726021368784 18.154041290283203 568
1726021368906 18.14879035949707 569
1726021369035 18.143552780151367 570
1726021369160 18.138336181640625 571
1726021369314 18.13313102722168 572
1726021369441 18.127944946289062 573
1726021369561 18.122774124145508 574
1726021369677 18.117618560791016 575
1726021369810 18.112478256225586 576
1726021369934 18.10735321044922 577
1726021370064 18.10224723815918 578
1726021370183 18.09715461730957 579
1726021370309 18.092077255249023 580
1726021370430 18.08701515197754 581
1726021370556 18.081968307495117 582
1726021370677 18.076940536499023 583
1726021370809 18.07192611694336 584
1726021370931 18.066925048828125 585
1726021371049 18.06194305419922 586
1726021371170 18.056974411010742 587
1726021371294 18.052021026611328 588
1726021371418 18.047082901000977 589
1726021371537 18.042160034179688 590
1726021371664 18.03725242614746 591
1726021371779 18.032360076904297 592
1726021371892 18.027482986450195 593
1726021372012 18.022619247436523 594
1726021372137 18.017772674560547 595
1726021372255 18.012937545776367 596
1726021372374 18.008119583129883 597
1726021372494 18.003318786621094 598
1726021372621 17.99852752685547 599
1726021372735 17.99375343322754 600
1726021372854 17.988994598388672 601
1726021373000 17.984249114990234 602
1726021373131 17.979520797729492 603
1726021373262 17.974803924560547 604
1726021373385 17.970104217529297 605
1726021373524 17.965417861938477 606
1726021373636 17.960744857788086 607
1726021373756 17.956087112426758 608
1726021373877 17.95144271850586 609
1726021373990 17.946813583374023 610
1726021374113 17.94219970703125 611
1726021374230 17.93759536743164 612
1726021374350 17.93301010131836 613
1726021374465 17.928436279296875 614
1726021374591 17.923877716064453 615
1726021374707 17.91933250427246 616
1726021374821 17.91480255126953 617
1726021374933 17.91028594970703 618
1726021375045 17.90578269958496 619
1726021375157 17.90129280090332 620
1726021375271 17.89681625366211 621
1726021375413 17.89235496520996 622
1726021375525 17.887907028198242 623
1726021375638 17.88347053527832 624
1726021375754 17.879051208496094 625
1726021375866 17.874645233154297 626
1726021375981 17.870248794555664 627
1726021376096 17.865867614746094 628
1726021376209 17.861501693725586 629
1726021376321 17.857147216796875 630
1726021376433 17.852807998657227 631
1726021376545 17.848478317260742 632
1726021376657 17.844165802001953 633
1726021376769 17.839866638183594 634
1726021376884 17.83557891845703 635
1726021377001 17.831302642822266 636
1726021377115 17.827043533325195 637
1726021377234 17.822795867919922 638
1726021377348 17.818559646606445 639
1726021377460 17.8143367767334 640
1726021377573 17.810129165649414 641
1726021377687 17.805931091308594 642
1726021377799 17.801748275756836 643
1726021377912 17.797578811645508 644
1726021378025 17.793420791625977 645
1726021378139 17.789276123046875 646
1726021378251 17.78514289855957 647
1726021378378 17.781021118164062 648
1726021378499 17.776914596557617 649
1726021378612 17.77281951904297 650
1726021378727 17.768741607666016 651
1726021378840 17.76466941833496 652
1726021378953 17.7606143951416 653
1726021379067 17.756568908691406 654
1726021379183 17.752534866333008 655
1726021379306 17.748516082763672 656
1726021379420 17.7445068359375 657
1726021379533 17.74051284790039 658
1726021379645 17.736530303955078 659
1726021379760 17.732561111450195 660
1726021379873 17.728599548339844 661
1726021379985 17.724651336669922 662
1726021380098 17.720718383789062 663
1726021380212 17.716796875 664
1726021380325 17.7128849029541 665
1726021380438 17.708986282348633 666
1726021380552 17.705101013183594 667
1726021380667 17.70122718811035 668
1726021380780 17.697362899780273 669
1726021380894 17.693511962890625 670
1726021381006 17.689674377441406 671
1726021381120 17.68584442138672 672
1726021381237 17.682029724121094 673
1726021381350 17.678224563598633 674
1726021381462 17.6744327545166 675
1726021381575 17.670652389526367 676
1726021381689 17.66688346862793 677
1726021381803 17.663124084472656 678
1726021381916 17.659378051757812 679
1726021382030 17.6556453704834 680
1726021382143 17.651920318603516 681
1726021382257 17.648210525512695 682
1726021382373 17.64451026916504 683
1726021382486 17.640817642211914 684
1726021382600 17.63714027404785 685
1726021382714 17.633472442626953 686
1726021382827 17.629817962646484 687
1726021382942 17.626176834106445 688
1726021383056 17.622539520263672 689
1726021383169 17.618919372558594 690
1726021383284 17.61530876159668 691
1726021383398 17.611709594726562 692
1726021383510 17.60811996459961 693
1726021383636 17.604541778564453 694
1726021383753 17.60097312927246 695
1726021383867 17.5974178314209 696
1726021383980 17.5938720703125 697
1726021384093 17.5903377532959 698
1726021384210 17.586814880371094 699
1726021384323 17.583301544189453 700
1726021384437 17.579801559448242 701
1726021384549 17.57630729675293 702
1726021384670 17.57282829284668 703
1726021384782 17.569358825683594 704
1726021384894 17.565898895263672 705
1726021385008 17.562450408935547 706
1726021385121 17.55901336669922 707
1726021385235 17.555583953857422 708
1726021385354 17.552165985107422 709
1726021385468 17.54875946044922 710
1726021385580 17.54536247253418 711
1726021385691 17.541976928710938 712
1726021385802 17.53860092163086 713
1726021385918 17.535236358642578 714
1726021386031 17.53188133239746 715
1726021386144 17.528535842895508 716
1726021386257 17.52520179748535 717
1726021386376 17.52187728881836 718
1726021386489 17.518566131591797 719
1726021386601 17.515260696411133 720
1726021386714 17.511964797973633 721
1726021386830 17.508682250976562 722
1726021386946 17.505407333374023 723
1726021387061 17.50214385986328 724
1726021387173 17.498889923095703 725
1726021387288 17.495647430419922 726
1726021387402 17.492414474487305 727
1726021387515 17.489187240600586 728
1726021387628 17.485973358154297 729
1726021387740 17.482769012451172 730
1726021387853 17.479576110839844 731
1726021387964 17.476388931274414 732
1726021388077 17.47321319580078 733
1726021388193 17.470050811767578 734
1726021388310 17.46689224243164 735
1726021388424 17.463747024536133 736
1726021388538 17.460609436035156 737
1726021388651 17.457483291625977 738
1726021388764 17.45436668395996 739
1726021388878 17.451257705688477 740
1726021388990 17.44816017150879 741
1726021389106 17.445072174072266 742
1726021389222 17.441991806030273 743
1726021389336 17.438922882080078 744
1726021389449 17.43585968017578 745
1726021389562 17.432809829711914 746
1726021389678 17.429767608642578 747
1726021389797 17.426734924316406 748
1726021389910 17.4237117767334 749
1726021390022 17.420696258544922 750
1726021390135 17.417692184448242 751
1726021390247 17.414697647094727 752
1726021390361 17.411710739135742 753
1726021390475 17.408733367919922 754
1726021390589 17.405765533447266 755
1726021390703 17.402803421020508 756
1726021390816 17.39985466003418 757
1726021390928 17.39691162109375 758
1726021391041 17.39398193359375 759
1726021391153 17.39105987548828 760
1726021391270 17.38814353942871 761
1726021391384 17.385238647460938 762
1726021391496 17.382341384887695 763
1726021391610 17.379453659057617 764
1726021391726 17.37657356262207 765
1726021391839 17.37370491027832 766
1726021391951 17.37084197998047 767
1726021392062 17.367990493774414 768
1726021392175 17.36514663696289 769
1726021392288 17.3623104095459 770
1726021392402 17.35948371887207 771
1726021392516 17.356666564941406 772
1726021392632 17.353857040405273 773
1726021392746 17.351057052612305 774
1726021392871 17.348264694213867 775
1726021392994 17.345481872558594 776
1726021393116 17.34270477294922 777
1726021393237 17.33993911743164 778
1726021393359 17.337181091308594 779
1726021393472 17.334430694580078 780
1726021393585 17.331689834594727 781
1726021393697 17.32895851135254 782
1726021393809 17.326231002807617 783
1726021393922 17.323514938354492 784
1726021394034 17.3208065032959 785
1726021394148 17.31810760498047 786
1726021394262 17.31541633605957 787
1726021394375 17.312732696533203 788
1726021394489 17.31005859375 789
1726021394601 17.307390213012695 790
1726021394716 17.304733276367188 791
1726021394846 17.302082061767578 792
1726021394966 17.2994384765625 793
1726021395079 17.296804428100586 794
1726021395191 17.294178009033203 795
1726021395307 17.29155921936035 796
1726021395421 17.28894805908203 797
1726021395534 17.286346435546875 798
1726021395648 17.28375244140625 799
1726021395763 17.281166076660156 800
1726021395878 17.278587341308594 801
1726021395992 17.276018142700195 802
1726021396107 17.273452758789062 803
1726021396219 17.270898818969727 804
1726021396361 17.26835060119629 805
1726021396475 17.265811920166016 806
1726021396590 17.26327896118164 807
1726021396704 17.26075553894043 808
1726021396817 17.258237838745117 809
1726021396930 17.2557315826416 810
1726021397042 17.25322723388672 811
1726021397154 17.2507381439209 812
1726021397267 17.248249053955078 813
1726021397396 17.245773315429688 814
1726021397509 17.243303298950195 815
1726021397626 17.240840911865234 816
1726021397740 17.238384246826172 817
1726021397853 17.235937118530273 818
1726021397972 17.233495712280273 819
1726021398097 17.231060028076172 820
1726021398233 17.228635787963867 821
1726021398375 17.226219177246094 822
1726021398511 17.22380828857422 823
1726021398639 17.221403121948242 824
1726021398773 17.21900749206543 825
1726021398906 17.216617584228516 826
1726021399036 17.214237213134766 827
1726021399155 17.211862564086914 828
1726021399270 17.209495544433594 829
1726021399383 17.207136154174805 830
1726021399495 17.204784393310547 831
1726021399609 17.202438354492188 832
1726021399724 17.20009994506836 833
1726021399838 17.197769165039062 834
1726021399951 17.19544219970703 835
1726021400066 17.193126678466797 836
1726021400195 17.190818786621094 837
1726021400316 17.18851661682129 838
1726021400449 17.186222076416016 839
1726021400562 17.183931350708008 840
1726021400674 17.18164825439453 841
1726021400787 17.17937469482422 842
1726021400899 17.177108764648438 843
1726021401011 17.174848556518555 844
1726021401123 17.17259407043457 845
1726021401236 17.170345306396484 846
1726021401354 17.16810417175293 847
1726021401467 17.16587257385254 848
1726021401581 17.163646697998047 849
1726021401695 17.161426544189453 850
1726021401808 17.15921401977539 851
1726021401921 17.157005310058594 852
1726021402034 17.154808044433594 853
1726021402147 17.152616500854492 854
1726021402264 17.150428771972656 855
1726021402378 17.148250579833984 856
1726021402493 17.146076202392578 857
1726021402607 17.143911361694336 858
1726021402723 17.141752243041992 859
1726021402837 17.139598846435547 860
1726021402951 17.137454986572266 861
1726021403064 17.13531494140625 862
1726021403176 17.133180618286133 863
1726021403294 17.131053924560547 864
1726021403410 17.128934860229492 865
1726021403523 17.126819610595703 866
1726021403636 17.124711990356445 867
1726021403749 17.12261199951172 868
1726021403861 17.12051773071289 869
1726021403973 17.11842918395996 870
1726021404086 17.116348266601562 871
1726021404204 17.11427116394043 872
1726021404325 17.112205505371094 873
1726021404437 17.11014175415039 874
1726021404549 17.10808563232422 875
1726021404660 17.106033325195312 876
1726021404772 17.103992462158203 877
1726021404884 17.101953506469727 878
1726021404998 17.09992218017578 879
1726021405110 17.097898483276367 880
1726021405221 17.09587860107422 881
1726021405333 17.0938663482666 882
1726021405445 17.091859817504883 883
1726021405557 17.089859008789062 884
1726021405668 17.087865829467773 885
1726021405779 17.085878372192383 886
1726021405895 17.083894729614258 887
1726021406010 17.081918716430664 888
1726021406123 17.07994842529297 889
1726021406238 17.077985763549805 890
1726021406352 17.076026916503906 891
1726021406465 17.07407569885254 892
1726021406578 17.07213020324707 893
1726021406693 17.070188522338867 894
1726021406805 17.068256378173828 895
1726021406918 17.066328048706055 896
1726021407031 17.064403533935547 897
1726021407143 17.062488555908203 898
1726021407255 17.060577392578125 899
1726021407369 17.058671951293945 900
1726021407481 17.056774139404297 901
1726021407593 17.054880142211914 902
1726021407706 17.052993774414062 903
1726021407821 17.05111312866211 904
1726021407937 17.04923439025879 905
1726021408049 17.047367095947266 906
1726021408163 17.045501708984375 907
1726021408277 17.043642044067383 908
1726021408389 17.041790008544922 909
1726021408501 17.039941787719727 910
1726021408614 17.03809928894043 911
1726021408726 17.03626251220703 912
1726021408839 17.034435272216797 913
1726021408953 17.032608032226562 914
1726021409066 17.03078842163086 915
1726021409178 17.028974533081055 916
1726021409293 17.02716636657715 917
1726021409408 17.025365829467773 918
1726021409522 17.02356719970703 919
1726021409636 17.02177619934082 920
1726021409761 17.01999282836914 921
1726021409874 17.018207550048828 922
1726021409988 17.016435623168945 923
1726021410103 17.014663696289062 924
1726021410217 17.012901306152344 925
1726021410330 17.011140823364258 926
1726021410441 17.00938606262207 927
1726021410554 17.007638931274414 928
1726021410666 17.005895614624023 929
1726021410778 17.00415802001953 930
1726021410890 17.00242805480957 931
1726021411003 17.000699996948242 932
1726021411115 16.998977661132812 933
1726021411228 16.99725914001465 934
1726021411342 16.995548248291016 935
1726021411455 16.99384307861328 936
1726021411567 16.992143630981445 937
1726021411678 16.990447998046875 938
1726021411790 16.988758087158203 939
1726021411901 16.987071990966797 940
1726021412013 16.98539161682129 941
1726021412125 16.983715057373047 942
1726021412236 16.982046127319336 943
1726021412352 16.98038101196289 944
1726021412464 16.978723526000977 945
1726021412575 16.977067947387695 946
1726021412687 16.975418090820312 947
1726021412798 16.97377586364746 948
1726021412911 16.972135543823242 949
1726021413023 16.970500946044922 950
1726021413137 16.968870162963867 951
1726021413250 16.96724510192871 952
1726021413364 16.965627670288086 953
1726021413476 16.964012145996094 954
1726021413590 16.962404251098633 955
1726021413708 16.960798263549805 956
1726021413820 16.959197998046875 957
1726021413933 16.957603454589844 958
1726021414045 16.95601463317871 959
1726021414158 16.954429626464844 960
1726021414276 16.952848434448242 961
1726021414395 16.95127296447754 962
1726021414508 16.9497013092041 963
1726021414620 16.948137283325195 964
1726021414734 16.946577072143555 965
1726021414846 16.94502067565918 966
1726021414958 16.94346809387207 967
1726021415069 16.941923141479492 968
1726021415182 16.940380096435547 969
1726021415302 16.9388427734375 970
1726021415414 16.93731117248535 971
1726021415529 16.93578338623047 972
1726021415644 16.93425941467285 973
1726021415758 16.932741165161133 974
1726021415872 16.93122673034668 975
1726021415985 16.929718017578125 976
1726021416100 16.928213119506836 977
1726021416213 16.926713943481445 978
1726021416327 16.92521858215332 979
1726021416443 16.92372703552246 980
1726021416557 16.9222412109375 981
1726021416672 16.920759201049805 982
1726021416785 16.919281005859375 983
1726021416898 16.917810440063477 984
1726021417012 16.91634178161621 985
1726021417127 16.91487693786621 986
1726021417244 16.91341781616211 987
1726021417358 16.911964416503906 988
1726021417472 16.91051483154297 989
1726021417585 16.909067153930664 990
1726021417697 16.907625198364258 991
1726021417810 16.906190872192383 992
1726021417923 16.904756546020508 993
1726021418035 16.90332794189453 994
1726021418148 16.901905059814453 995
1726021418275 16.900484085083008 996
1726021418398 16.89906883239746 997
1726021418511 16.897659301757812 998
1726021418623 16.89625358581543 999
