1726091125128 17.80499267578125 0
1726091125267 17.795028686523438 1
1726091125466 17.785091400146484 2
1726091125619 17.775177001953125 3
1726091125759 17.765287399291992 4
1726091125902 17.755422592163086 5
1726091126038 17.74558448791504 6
1726091126181 17.735769271850586 7
1726091126337 17.725980758666992 8
1726091126484 17.716211318969727 9
1726091126617 17.706466674804688 10
1726091126745 17.696748733520508 11
1726091126897 17.68705177307129 12
1726091127025 17.677379608154297 13
1726091127150 17.667726516723633 14
1726091127274 17.658098220825195 15
1726091127392 17.64849281311035 16
1726091127513 17.63890838623047 17
1726091127630 17.629348754882812 18
1726091127751 17.619808197021484 19
1726091127885 17.610288619995117 20
1726091128010 17.600791931152344 21
1726091128131 17.5913143157959 22
1726091128248 17.581859588623047 23
1726091128365 17.572423934936523 24
1726091128483 17.56300926208496 25
1726091128598 17.553617477416992 26
1726091128716 17.54424285888672 27
1726091128836 17.534887313842773 28
1726091128952 17.52555274963379 29
1726091129067 17.516239166259766 30
1726091129185 17.50694465637207 31
1726091129301 17.497669219970703 32
1726091129419 17.48841094970703 33
1726091129536 17.479171752929688 34
1726091129656 17.469953536987305 35
1726091129778 17.460752487182617 36
1726091129900 17.451570510864258 37
1726091130023 17.442407608032227 38
1726091130143 17.433259963989258 39
1726091130259 17.42413330078125 40
1726091130375 17.415019989013672 41
1726091130493 17.405927658081055 42
1726091130611 17.3968505859375 43
1726091130728 17.387792587280273 44
1726091130850 17.37874984741211 45
1726091130970 17.369728088378906 46
1726091131086 17.3607177734375 47
1726091131201 17.351726531982422 48
1726091131319 17.34275245666504 49
1726091131438 17.33379364013672 50
1726091131557 17.32485008239746 51
1726091131673 17.3159236907959 52
1726091131792 17.3070125579834 53
1726091131928 17.29811668395996 54
1726091132079 17.28923797607422 55
1726091132220 17.280376434326172 56
1726091132343 17.271526336669922 57
1726091132465 17.2626895904541 58
1726091132623 17.253873825073242 59
1726091132760 17.24506950378418 60
1726091132882 17.236282348632812 61
1726091133004 17.227506637573242 62
1726091133123 17.218746185302734 63
1726091133238 17.21000099182129 64
1726091133360 17.201269149780273 65
1726091133516 17.19255256652832 66
1726091133659 17.18385124206543 67
1726091133783 17.175161361694336 68
1726091133919 17.166484832763672 69
1726091134044 17.15782356262207 70
1726091134168 17.149173736572266 71
1726091134295 17.140541076660156 72
1726091134442 17.13191795349121 73
1726091134564 17.12331199645996 74
1726091134686 17.114713668823242 75
1726091134806 17.106130599975586 76
1726091134931 17.09756088256836 77
1726091135047 17.089004516601562 78
1726091135163 17.080459594726562 79
1726091135278 17.071928024291992 80
1726091135394 17.06340980529785 81
1726091135510 17.054901123046875 82
1726091135627 17.04640769958496 83
1726091135745 17.03792381286621 84
1726091135862 17.029455184936523 85
1726091135977 17.020994186401367 86
1726091136095 17.01254653930664 87
1726091136213 17.00411033630371 88
1726091136332 16.99568748474121 89
1726091136448 16.987276077270508 90
1726091136564 16.97887420654297 91
1726091136680 16.970483779907227 92
1726091136796 16.962106704711914 93
1726091136913 16.953739166259766 94
1726091137031 16.945383071899414 95
1726091137149 16.937036514282227 96
1726091137266 16.92870330810547 97
1726091137383 16.920379638671875 98
1726091137500 16.912067413330078 99
1726091137618 16.903764724731445 100
1726091137735 16.89547348022461 101
1726091137858 16.887191772460938 102
1726091137995 16.87891960144043 103
1726091138172 16.87065887451172 104
1726091138299 16.862407684326172 105
1726091138419 16.854167938232422 106
1726091138543 16.845935821533203 107
1726091138659 16.837717056274414 108
1726091138777 16.82950782775879 109
1726091138894 16.821304321289062 110
1726091139012 16.813114166259766 111
1726091139128 16.804929733276367 112
1726091139287 16.7967586517334 113
1726091139406 16.788597106933594 114
1726091139522 16.78044319152832 115
1726091139640 16.772296905517578 116
1726091139755 16.764163970947266 117
1726091139873 16.756038665771484 118
1726091139989 16.747922897338867 119
1726091140109 16.73981475830078 120
1726091140249 16.731718063354492 121
1726091140371 16.723628997802734 122
1726091140500 16.715547561645508 123
1726091140630 16.707475662231445 124
