1726081935277 19.529518127441406 0
1726081935415 19.5128116607666 1
1726081935578 19.496170043945312 2
1726081935702 19.479595184326172 3
1726081935850 19.463090896606445 4
1726081935996 19.446653366088867 5
1726081936133 19.43028450012207 6
1726081936263 19.413984298706055 7
1726081936386 19.397756576538086 8
1726081936509 19.381595611572266 9
1726081936629 19.36550521850586 10
1726081936771 19.349489212036133 11
1726081936921 19.333539962768555 12
1726081937053 19.31766128540039 13
1726081937177 19.301851272583008 14
1726081937297 19.286115646362305 15
1726081937418 19.270448684692383 16
1726081937537 19.25484848022461 17
1726081937654 19.23932456970215 18
1726081937772 19.22386932373047 19
1726081937889 19.20848274230957 20
1726081938006 19.19316864013672 21
1726081938124 19.17792320251465 22
1726081938240 19.162748336791992 23
1726081938356 19.147642135620117 24
1726081938475 19.132606506347656 25
1726081938592 19.117639541625977 26
1726081938709 19.102745056152344 27
1726081938826 19.087913513183594 28
1726081938943 19.07315444946289 29
1726081939060 19.058462142944336 30
1726081939178 19.043838500976562 31
1726081939296 19.029281616210938 32
1726081939413 19.01479148864746 33
1726081939530 19.000368118286133 34
1726081939649 18.986011505126953 35
1726081939767 18.97171974182129 36
1726081939882 18.957494735717773 37
1726081940000 18.943334579467773 38
1726081940117 18.92923927307129 39
1726081940234 18.915205001831055 40
1726081940353 18.9012393951416 41
1726081940469 18.887332916259766 42
1726081940584 18.873491287231445 43
1726081940700 18.859710693359375 44
1726081940816 18.845991134643555 45
1726081940933 18.832334518432617 46
1726081941049 18.818737030029297 47
1726081941165 18.805198669433594 48
1726081941283 18.791723251342773 49
1726081941401 18.778303146362305 50
1726081941517 18.76494598388672 51
1726081941634 18.75164222717285 52
1726081941751 18.738399505615234 53
1726081941869 18.72521209716797 54
1726081941985 18.712081909179688 55
1726081942104 18.699007034301758 56
1726081942220 18.685989379882812 57
1726081942335 18.673023223876953 58
1726081942451 18.660114288330078 59
1726081942567 18.647258758544922 60
1726081942685 18.634458541870117 61
1726081942803 18.6217098236084 62
1726081942920 18.609012603759766 63
1726081943036 18.596370697021484 64
1726081943154 18.583776473999023 65
1726081943271 18.57123374938965 66
1726081943386 18.55874252319336 67
1726081943502 18.546300888061523 68
1726081943620 18.533910751342773 69
1726081943736 18.521568298339844 70
1726081943853 18.509273529052734 71
1726081943982 18.497028350830078 72
1726081944098 18.484830856323242 73
1726081944215 18.472681045532227 74
1726081944332 18.460575103759766 75
1726081944453 18.44852066040039 76
1726081944585 18.436508178710938 77
1726081944714 18.424541473388672 78
1726081944844 18.412620544433594 79
1726081944962 18.40074348449707 80
1726081945078 18.388912200927734 81
1726081945199 18.377124786376953 82
1726081945331 18.365379333496094 83
1726081945453 18.353675842285156 84
1726081945582 18.342016220092773 85
1726081945704 18.330398559570312 86
1726081945826 18.318822860717773 87
1726081945951 18.307287216186523 88
1726081946066 18.295793533325195 89
1726081946183 18.284337997436523 90
1726081946301 18.272924423217773 91
1726081946418 18.261552810668945 92
1726081946539 18.25021743774414 93
1726081946662 18.238922119140625 94
1726081946784 18.227664947509766 95
1726081946903 18.216445922851562 96
1726081947022 18.205263137817383 97
1726081947142 18.194122314453125 98
1726081947259 18.183012008666992 99
1726081947376 18.17194366455078 100
1726081947493 18.16090965270996 101
1726081947611 18.14990997314453 102
1726081947729 18.138948440551758 103
1726081947845 18.128019332885742 104
1726081948007 18.11712646484375 105
1726081948122 18.10626983642578 106
1726081948240 18.095447540283203 107
1726081948357 18.084653854370117 108
1726081948474 18.073898315429688 109
1726081948591 18.06317710876465 110
1726081948707 18.052486419677734 111
1726081948824 18.041828155517578 112
1726081948940 18.03120231628418 113
1726081949057 18.02060890197754 114
1726081949173 18.010047912597656 115
1726081949291 17.999515533447266 116
1726081949408 17.989017486572266 117
1726081949525 17.978548049926758 118
1726081949641 17.968109130859375 119
1726081949757 17.957700729370117 120
1726081949872 17.94732093811035 121
1726081949990 17.936973571777344 122
1726081950107 17.926651000976562 123
1726081950224 17.91636085510254 124
1726081950343 17.906099319458008 125
1726081950458 17.895864486694336 126
1726081950573 17.885658264160156 127
1726081950690 17.8754825592041 128
1726081950806 17.865331649780273 129
1726081950922 17.855209350585938 130
1726081951038 17.845111846923828 131
1726081951159 17.83504295349121 132
1726081951277 17.82499885559082 133
1726081951397 17.814985275268555 134
