1726024357887 31.320478439331055 0
1726024358072 31.26054573059082 1
1726024358245 31.20085334777832 2
1726024358421 31.141399383544922 3
1726024358596 31.082191467285156 4
1726024358767 31.023225784301758 5
1726024358940 30.96450424194336 6
1726024359115 30.906028747558594 7
1726024359294 30.847801208496094 8
1726024359469 30.789819717407227 9
1726024359644 30.73208999633789 10
1726024359819 30.674606323242188 11
1726024360001 30.617372512817383 12
1726024360177 30.560386657714844 13
1726024360355 30.5036563873291 14
1726024360533 30.44717788696289 15
1726024360713 30.390949249267578 16
1726024360897 30.334970474243164 17
1726024361072 30.279245376586914 18
1726024361252 30.223772048950195 19
1726024361432 30.168550491333008 20
1726024361611 30.113582611083984 21
1726024361785 30.058860778808594 22
1726024361962 30.004396438598633 23
1726024362138 29.950180053710938 24
1726024362320 29.89621353149414 25
1726024362499 29.842496871948242 26
1726024362675 29.789033889770508 27
1726024362854 29.735816955566406 28
1726024363028 29.68285369873047 29
1726024363205 29.6301326751709 30
1726024363379 29.577661514282227 31
1726024363554 29.525440216064453 32
1726024363729 29.47346305847168 33
1726024364043 29.421728134155273 34
1726024364213 29.370243072509766 35
1726024364385 29.318998336791992 36
1726024364559 29.26799201965332 37
1726024364732 29.21723175048828 38
1726024364904 29.166709899902344 39
1726024365075 29.116430282592773 40
1726024365246 29.066389083862305 41
1726024365417 29.01658058166504 42
1726024365589 28.967010498046875 43
1726024365760 28.917678833007812 44
1726024365931 28.868576049804688 45
1726024366102 28.8197078704834 46
1726024366272 28.771072387695312 47
1726024366443 28.722665786743164 48
1726024366614 28.674488067626953 49
1726024366787 28.626537322998047 50
1726024366959 28.57881736755371 51
1726024367131 28.531320571899414 52
1726024367301 28.48404312133789 53
1726024367472 28.43699073791504 54
1726024367644 28.390161514282227 55
1726024367815 28.343555450439453 56
1726024367986 28.297163009643555 57
1726024368158 28.250988006591797 58
1726024368329 28.205032348632812 59
1726024368500 28.15929412841797 60
1726024368673 28.1137638092041 61
1726024368845 28.068449020385742 62
1726024369016 28.023347854614258 63
1726024369189 27.97845458984375 64
1726024369361 27.93376922607422 65
1726024369532 27.889293670654297 66
1726024369704 27.845027923583984 67
1726024369880 27.800962448120117 68
1726024370058 27.757099151611328 69
1726024370233 27.713443756103516 70
1726024370405 27.66999053955078 71
1726024370577 27.62673568725586 72
1726024370748 27.583681106567383 73
1726024370919 27.540821075439453 74
1726024371092 27.4981632232666 75
1726024371265 27.45569610595703 76
1726024371438 27.41342544555664 77
1726024371608 27.371349334716797 78
1726024371780 27.329463958740234 79
1726024371952 27.287771224975586 80
1726024372123 27.246265411376953 81
1726024372293 27.2049503326416 82
1726024372466 27.163818359375 83
1726024372637 27.12287712097168 84
1726024372809 27.082120895385742 85
1726024372980 27.041549682617188 86
1726024373152 27.00115966796875 87
1726024373324 26.96095085144043 88
1726024373498 26.92092514038086 89
1726024373669 26.88107681274414 90
1726024373841 26.841407775878906 91
1726024374012 26.801916122436523 92
1726024374184 26.762601852416992 93
1726024374356 26.723461151123047 94
1726024374527 26.684497833251953 95
1726024374699 26.645706176757812 96
1726024374869 26.607084274291992 97
1726024375041 26.568634033203125 98
1726024375213 26.530357360839844 99
1726024375385 26.49224853515625 100
1726024375557 26.45430564880371 101
1726024375727 26.416528701782227 102
1726024375899 26.37891960144043 103
1726024376070 26.341476440429688 104
1726024376241 26.304197311401367 105
1726024376413 26.26708221435547 106
1726024376583 26.230125427246094 107
1726024376754 26.19333267211914 108
1726024376926 26.156700134277344 109
1726024377098 26.12022590637207 110
1726024377269 26.083911895751953 111
1726024377441 26.04775047302246 112
1726024377612 26.01174545288086 113
1726024377783 25.975900650024414 114
1726024377956 25.94020652770996 115
1726024378127 25.904666900634766 116
1726024378298 25.869281768798828 117
1726024378469 25.83404541015625 118
1726024378641 25.798959732055664 119
1726024378813 25.76402473449707 120
1726024378985 25.72924041748047 121
1726024379157 25.694602966308594 122
1726024379329 25.660114288330078 123
1726024379501 25.62576675415039 124
1726024379672 25.591569900512695 125
1726024379843 25.557512283325195 126
1726024380015 25.523601531982422 127
1726024380186 25.489835739135742 128
1726024380358 25.456209182739258 129
1726024380528 25.4227237701416 130
1726024380699 25.389379501342773 131
1726024380871 25.35617446899414 132
1726024381042 25.323110580444336 133
1726024381213 25.290180206298828 134
1726024381384 25.257389068603516 135
1726024381556 25.2247371673584 136
1726024381727 25.192214965820312 137
1726024381897 25.15983009338379 138
1726024382068 25.127580642700195 139
1726024382239 25.095462799072266 140
1726024382411 25.0634765625 141
1726024382584 25.0316219329834 142
1726024382754 24.99989891052246 143
1726024382926 24.968305587768555 144
1726024383098 24.936838150024414 145
1726024383270 24.905502319335938 146
1726024383442 24.87429428100586 147
1726024383614 24.843212127685547 148
1726024383784 24.812257766723633 149
1726024383956 24.78142738342285 150
1726024384127 24.750720977783203 151
1726024384299 24.720138549804688 152
1726024384471 24.689680099487305 153
1726024384642 24.659343719482422 154
1726024384814 24.62912940979004 155
1726024384986 24.599037170410156 156
1726024385159 24.569063186645508 157
1726024385330 24.53921127319336 158
1726024385503 24.509477615356445 159
1726024385674 24.479862213134766 160
1726024385845 24.450363159179688 161
1726024386016 24.420982360839844 162
1726024386189 24.3917179107666 163
1726024386365 24.362565994262695 164
1726024386537 24.333532333374023 165
1726024386713 24.30461311340332 166
1726024386894 24.27580451965332 167
1726024387070 24.247114181518555 168
1726024387251 24.21853256225586 169
1726024387424 24.190059661865234 170
1726024387600 24.161701202392578 171
1726024387787 24.133453369140625 172
1726024387968 24.10531234741211 173
1726024388151 24.077281951904297 174
1726024388333 24.049362182617188 175
1726024388511 24.02154541015625 176
1726024388685 23.99384117126465 177
1726024388860 23.96623992919922 178
1726024389037 23.93874740600586 179
1726024389215 23.91135597229004 180
1726024389390 23.88407325744629 181
1726024389563 23.85689353942871 182
1726024389742 23.829816818237305 183
1726024389921 23.80284309387207 184
1726024390098 23.775970458984375 185
1726024390277 23.74920082092285 186
1726024390458 23.722532272338867 187
1726024390640 23.69596290588379 188
1726024390814 23.669498443603516 189
1726024390987 23.64312744140625 190
1726024391159 23.616857528686523 191
1726024391331 23.590688705444336 192
1726024391504 23.564613342285156 193
1726024391676 23.53863525390625 194
1726024391848 23.512758255004883 195
1726024392020 23.486974716186523 196
1726024392191 23.461284637451172 197
1726024392363 23.435691833496094 198
1726024392535 23.410194396972656 199
1726024392707 23.384788513183594 200
1726024392878 23.359477996826172 201
1726024393050 23.334259033203125 202
1726024393222 23.309133529663086 203
1726024393394 23.28409767150879 204
1726024393568 23.259153366088867 205
1726024393749 23.234304428100586 206
1726024393929 23.20953941345215 207
1726024394111 23.18486976623535 208
1726024394286 23.16028594970703 209
1726024394463 23.135791778564453 210
1726024394638 23.11138343811035 211
1726024394812 23.087066650390625 212
1726024394991 23.062835693359375 213
1726024395165 23.03868865966797 214
1726024395338 23.014633178710938 215
1726024395511 22.990659713745117 216
1726024395683 22.966772079467773 217
1726024395854 22.94297218322754 218
1726024396028 22.919252395629883 219
1726024396200 22.895618438720703 220
1726024396372 22.872068405151367 221
1726024396545 22.848600387573242 222
1726024396718 22.82521629333496 223
1726024396890 22.80191421508789 224
1726024397062 22.778690338134766 225
1726024397236 22.755550384521484 226
1726024397409 22.73249053955078 227
1726024397583 22.709510803222656 228
1726024397755 22.686613082885742 229
1726024397927 22.66379165649414 230
1726024398100 22.641048431396484 231
1726024398273 22.618385314941406 232
1726024398446 22.595802307128906 233
1726024398617 22.573293685913086 234
1726024398790 22.550865173339844 235
1726024398963 22.528507232666016 236
1726024399135 22.506229400634766 237
1726024399308 22.48402976989746 238
1726024399480 22.461904525756836 239
1726024399652 22.439851760864258 240
1726024399824 22.417875289916992 241
1726024399997 22.395973205566406 242
1726024400170 22.3741455078125 243
1726024400342 22.35239028930664 244
1726024400514 22.330705642700195 245
1726024400687 22.309099197387695 246
1726024400860 22.287559509277344 247
1726024401032 22.266094207763672 248
1726024401204 22.244699478149414 249
1726024401377 22.223373413085938 250
1726024401548 22.20212173461914 251
1726024401719 22.180940628051758 252
1726024401892 22.159828186035156 253
1726024402064 22.13878631591797 254
1726024402237 22.117809295654297 255
1726024402409 22.096904754638672 256
1726024402581 22.076066970825195 257
1726024402754 22.0552978515625 258
1726024402926 22.034597396850586 259
1726024403098 22.013959884643555 260
1726024403270 21.993392944335938 261
1726024403442 21.972890853881836 262
1726024403614 21.952455520629883 263
1726024403787 21.93208885192871 264
1726024403959 21.911781311035156 265
1726024404135 21.891544342041016 266
1726024404306 21.871368408203125 267
1726024404478 21.851261138916016 268
1726024404650 21.831214904785156 269
1726024404823 21.81123161315918 270
1726024404994 21.791311264038086 271
1726024405169 21.771455764770508 272
1726024405344 21.75166130065918 273
1726024405514 21.731931686401367 274
1726024405687 21.71225929260254 275
1726024405857 21.69265365600586 276
1726024406029 21.673107147216797 277
1726024406203 21.65361976623535 278
1726024406379 21.63419532775879 279
1726024406557 21.614830017089844 280
1726024406741 21.59552574157715 281
1726024406916 21.57628059387207 282
1726024407088 21.557092666625977 283
1726024407262 21.537967681884766 284
1726024407434 21.518901824951172 285
1726024407606 21.49989128112793 286
1726024407779 21.480939865112305 287
1726024407952 21.46204376220703 288
1726024408123 21.44321060180664 289
1726024408295 21.424428939819336 290
1726024408467 21.405704498291016 291
1726024408638 21.387041091918945 292
1726024408809 21.368431091308594 293
1726024408981 21.349876403808594 294
1726024409153 21.331377029418945 295
1726024409325 21.31293487548828 296
1726024409497 21.294546127319336 297
1726024409668 21.276212692260742 298
1726024409839 21.2579345703125 299
1726024410010 21.239707946777344 300
1726024410181 21.221538543701172 301
1726024410352 21.20342254638672 302
1726024410523 21.18535804748535 303
1726024410694 21.167346954345703 304
1726024410864 21.149389266967773 305
1726024411035 21.13148307800293 306
1726024411206 21.113628387451172 307
1726024411377 21.095829010009766 308
1726024411548 21.07807731628418 309
1726024411719 21.060379028320312 310
1726024411891 21.04273223876953 311
1726024412061 21.025135040283203 312
1726024412232 21.00758934020996 313
1726024412404 20.990093231201172 314
1726024412575 20.97264862060547 315
1726024412758 20.955251693725586 316
1726024412934 20.937904357910156 317
1726024413115 20.92060661315918 318
1726024413315 20.903358459472656 319
1726024413490 20.886159896850586 320
1726024413663 20.869009017944336 321
1726024413834 20.85190773010254 322
1726024414004 20.834850311279297 323
1726024414178 20.817842483520508 324
1726024414350 20.800884246826172 325
1726024414521 20.783971786499023 326
1726024414692 20.767107009887695 327
1726024414862 20.750286102294922 328
1726024415034 20.7335147857666 329
1726024415205 20.71678924560547 330
1726024415377 20.70010757446289 331
1726024415549 20.683475494384766 332
1726024415719 20.666885375976562 333
1726024415891 20.65034294128418 334
1726024416065 20.63384437561035 335
1726024416236 20.61739158630371 336
1726024416407 20.600982666015625 337
1726024416579 20.584617614746094 338
1726024416749 20.56829833984375 339
1726024416921 20.552021026611328 340
1726024417093 20.535789489746094 341
1726024417267 20.51959991455078 342
1726024417438 20.503454208374023 343
1726024417610 20.487350463867188 344
1726024417783 20.471290588378906 345
1726024417955 20.455272674560547 346
1726024418127 20.439298629760742 347
1726024418298 20.423364639282227 348
1726024418470 20.407474517822266 349
1726024418641 20.391626358032227 350
1726024418812 20.375816345214844 351
1726024418984 20.360050201416016 352
1726024419157 20.344324111938477 353
1726024419329 20.32863998413086 354
1726024419501 20.312997817993164 355
1726024419671 20.297393798828125 356
1726024419844 20.281831741333008 357
1726024420016 20.266307830810547 358
1726024420186 20.250823974609375 359
1726024420357 20.235380172729492 360
1726024420529 20.2199764251709 361
1726024420699 20.20461082458496 362
1726024420870 20.189287185668945 363
1726024421044 20.173999786376953 364
1726024421215 20.15875244140625 365
1726024421390 20.14354133605957 366
1726024421561 20.12837028503418 367
1726024421732 20.113237380981445 368
1726024421905 20.098140716552734 369
1726024422077 20.08308219909668 370
1726024422248 20.068063735961914 371
1726024422419 20.05307960510254 372
1726024422591 20.038135528564453 373
1726024422762 20.023225784301758 374
1726024422933 20.008352279663086 375
1726024423105 19.99351692199707 376
1726024423276 19.978717803955078 377
1726024423450 19.963956832885742 378
1726024423622 19.949230194091797 379
1726024423793 19.934537887573242 380
1726024423966 19.919883728027344 381
1726024424140 19.905263900756836 382
1726024424314 19.89067840576172 383
1726024424486 19.876129150390625 384
1726024424658 19.861616134643555 385
1726024424828 19.847135543823242 386
1726024425003 19.832691192626953 387
1726024425176 19.818281173706055 388
1726024425349 19.803903579711914 389
1726024425521 19.789562225341797 390
1726024425694 19.77525520324707 391
1726024425865 19.7609806060791 392
1726024426038 19.746740341186523 393
1726024426210 19.732534408569336 394
1726024426382 19.718358993530273 395
1726024426553 19.7042179107666 396
1726024426724 19.69011116027832 397
1726024426896 19.676034927368164 398
1726024427069 19.6619930267334 399
1726024427240 19.64798355102539 400
1726024427413 19.634004592895508 401
1726024427584 19.620059967041016 402
1726024427756 19.60614585876465 403
1726024427928 19.592266082763672 404
1726024428100 19.578414916992188 405
1726024428272 19.564598083496094 406
1726024428443 19.550809860229492 407
1726024428613 19.53705596923828 408
1726024428786 19.52332878112793 409
1726024428959 19.50963592529297 410
1726024429133 19.495973587036133 411
1726024429307 19.482341766357422 412
1726024429480 19.468738555908203 413
1726024429651 19.455169677734375 414
1726024429823 19.441627502441406 415
1726024429994 19.428115844726562 416
1726024430163 19.414634704589844 417
1726024430333 19.40118408203125 418
1726024430505 19.38776206970215 419
1726024430677 19.374370574951172 420
1726024430849 19.361007690429688 421
1726024431021 19.347673416137695 422
1726024431194 19.334367752075195 423
1726024431365 19.32109260559082 424
1726024431536 19.307844161987305 425
1726024431708 19.294626235961914 426
1726024431879 19.281436920166016 427
1726024432051 19.26827621459961 428
1726024432223 19.255142211914062 429
1726024432393 19.242036819458008 430
1726024432564 19.228960037231445 431
1726024432735 19.215909957885742 432
1726024432906 19.20288848876953 433
1726024433078 19.18989372253418 434
1726024433251 19.17692756652832 435
1726024433424 19.163990020751953 436
1726024433595 19.15107536315918 437
1726024433768 19.13819122314453 438
1726024433942 19.12533187866211 439
1726024434117 19.112503051757812 440
1726024434291 19.09969711303711 441
1726024434464 19.086917877197266 442
1726024434636 19.074167251586914 443
1726024434808 19.061439514160156 444
1726024434981 19.048742294311523 445
1726024435152 19.036067962646484 446
1726024435324 19.023422241210938 447
1726024435497 19.010801315307617 448
1726024435668 18.998205184936523 449
1726024435840 18.985633850097656 450
1726024436012 18.97308921813965 451
1726024436184 18.960569381713867 452
1726024436356 18.948076248168945 453
1726024436528 18.935606002807617 454
1726024436700 18.92316246032715 455
1726024436871 18.910741806030273 456
1726024437042 18.898347854614258 457
1726024437213 18.88597869873047 458
1726024437385 18.873632431030273 459
1726024437558 18.861310958862305 460
1726024437730 18.849016189575195 461
1726024437902 18.836742401123047 462
1726024438074 18.824495315551758 463
1726024438245 18.81226921081543 464
1726024438418 18.80006980895996 465
1726024438590 18.787893295288086 466
1726024438761 18.775737762451172 467
1726024438932 18.763608932495117 468
1726024439103 18.751502990722656 469
1726024439275 18.73941993713379 470
1726024439446 18.727359771728516 471
1726024439618 18.715322494506836 472
1726024439787 18.703310012817383 473
1726024439958 18.69131851196289 474
1726024440129 18.679351806640625 475
1726024440299 18.66740608215332 476
1726024440471 18.655481338500977 477
1726024440642 18.64358139038086 478
1726024440813 18.631704330444336 479
1726024440985 18.619850158691406 480
1726024441157 18.608015060424805 481
1726024441327 18.59620475769043 482
1726024441498 18.584415435791016 483
1726024441669 18.572647094726562 484
1726024441840 18.560901641845703 485
1726024442011 18.549177169799805 486
1726024442182 18.537473678588867 487
1726024442353 18.525794982910156 488
1726024442526 18.51413345336914 489
1726024442696 18.50249481201172 490
1726024442870 18.49087905883789 491
1726024443040 18.47928237915039 492
1726024443213 18.46770668029785 493
1726024443385 18.456153869628906 494
1726024443559 18.44462013244629 495
1726024443732 18.43310546875 496
1726024443904 18.421615600585938 497
1726024444077 18.41014289855957 498
1726024444250 18.398691177368164 499
1726024444422 18.38726234436035 500
1726024444595 18.375850677490234 501
1726024444766 18.36446189880371 502
1726024444938 18.353092193603516 503
1726024445110 18.34174156188965 504
1726024445283 18.33041000366211 505
1726024445455 18.319101333618164 506
1726024445626 18.307809829711914 507
1726024445799 18.296539306640625 508
1726024445970 18.28528594970703 509
1726024446143 18.274057388305664 510
1726024446316 18.26284408569336 511
1726024446488 18.25164794921875 512
1726024446660 18.240474700927734 513
1726024446832 18.229320526123047 514
1726024447004 18.218185424804688 515
1726024447177 18.207069396972656 516
1726024447350 18.19597053527832 517
1726024447520 18.184890747070312 518
1726024447691 18.173831939697266 519
1726024447864 18.162790298461914 520
1726024448034 18.151765823364258 521
1726024448205 18.140762329101562 522
1726024448390 18.129776000976562 523
1726024448570 18.118806838989258 524
1726024448743 18.107858657836914 525
1726024448917 18.096925735473633 526
1726024449088 18.086013793945312 527
1726024449261 18.075119018554688 528
1726024449432 18.064239501953125 529
1726024449604 18.05337905883789 530
1726024449777 18.042539596557617 531
1726024449950 18.031715393066406 532
1726024450121 18.02090835571289 533
1726024450295 18.01011848449707 534
1726024450466 17.999347686767578 535
1726024450638 17.98859405517578 536
1726024450809 17.977855682373047 537
1726024450982 17.967138290405273 538
1726024451153 17.956436157226562 539
1726024451326 17.945751190185547 540
1726024451498 17.935083389282227 541
1726024451670 17.9244327545166 542
1726024451842 17.91379737854004 543
1726024452014 17.903181076049805 544
1726024452184 17.892578125 545
1726024452356 17.881996154785156 546
1726024452529 17.871427536010742 547
1726024452701 17.860877990722656 548
1726024452873 17.850343704223633 549
1726024453046 17.839824676513672 550
1726024453217 17.82932472229004 551
1726024453387 17.818838119506836 552
1726024453557 17.80837059020996 553
1726024453729 17.79791831970215 554
1726024453902 17.787479400634766 555
1726024454075 17.77705955505371 556
1726024454247 17.76665496826172 557
1726024454420 17.75626564025879 558
1726024454592 17.745893478393555 559
1726024454763 17.73553466796875 560
1726024454935 17.72519302368164 561
1726024455107 17.714866638183594 562
1726024455278 17.70455551147461 563
1726024455451 17.69426155090332 564
1726024455622 17.68398094177246 565
1726024455794 17.673717498779297 566
1726024455966 17.663467407226562 567
1726024456140 17.653234481811523 568
1726024456311 17.643014907836914 569
1726024456482 17.632810592651367 570
1726024456654 17.622623443603516 571
1726024456826 17.612451553344727 572
1726024456997 17.602293014526367 573
1726024457168 17.592147827148438 574
1726024457339 17.582019805908203 575
1726024457511 17.5719051361084 576
1726024457684 17.561805725097656 577
1726024457855 17.551719665527344 578
1726024458027 17.541650772094727 579
1726024458198 17.53159523010254 580
1726024458370 17.52155303955078 581
1726024458543 17.511526107788086 582
1726024458713 17.501514434814453 583
1726024458884 17.491514205932617 584
1726024459057 17.481531143188477 585
1726024459229 17.471561431884766 586
1726024459401 17.461605072021484 587
1726024459573 17.451663970947266 588
1726024459746 17.441736221313477 589
1726024459917 17.431821823120117 590
1726024460088 17.421920776367188 591
1726024460260 17.412036895751953 592
1726024460431 17.402164459228516 593
1726024460603 17.392305374145508 594
1726024460774 17.382457733154297 595
1726024460946 17.37262725830078 596
1726024461117 17.362810134887695 597
1726024461289 17.35300636291504 598
1726024461462 17.34321403503418 599
1726024461633 17.333436965942383 600
1726024461806 17.323673248291016 601
1726024461978 17.313922882080078 602
1726024462149 17.304183959960938 603
1726024462321 17.29446029663086 604
1726024462493 17.28474998474121 605
1726024462665 17.27505111694336 606
1726024462837 17.265365600585938 607
1726024463010 17.255693435668945 608
1726024463183 17.24603271484375 609
1726024463355 17.236387252807617 610
1726024463528 17.22675323486328 611
1726024463701 17.217132568359375 612
1726024463875 17.207523345947266 613
1726024464049 17.19792938232422 614
1726024464222 17.188344955444336 615
1726024464395 17.17877769470215 616
1726024464568 17.169218063354492 617
1726024464741 17.15967559814453 618
1726024464912 17.1501407623291 619
1726024465083 17.140621185302734 620
1726024465256 17.131113052368164 621
1726024465428 17.12161636352539 622
1726024465600 17.112133026123047 623
1726024465772 17.102663040161133 624
1726024465945 17.093202590942383 625
1726024466116 17.083757400512695 626
1726024466288 17.074321746826172 627
1726024466460 17.064899444580078 628
1726024466632 17.05548667907715 629
1726024466801 17.04608917236328 630
1726024466973 17.036701202392578 631
1726024467147 17.027326583862305 632
1726024467318 17.017963409423828 633
1726024467490 17.00861358642578 634
1726024467662 16.999271392822266 635
1726024467835 16.98994255065918 636
1726024468006 16.980627059936523 637
1726024468176 16.971323013305664 638
1726024468347 16.96202850341797 639
1726024468518 16.95274543762207 640
1726024468689 16.9434757232666 641
1726024468861 16.934215545654297 642
1726024469033 16.924968719482422 643
1726024469204 16.915733337402344 644
1726024469375 16.906505584716797 645
1726024469546 16.897293090820312 646
1726024469717 16.888090133666992 647
1726024469889 16.87889862060547 648
1726024470062 16.869718551635742 649
1726024470232 16.860549926757812 650
1726024470403 16.851390838623047 651
1726024470576 16.842243194580078 652
1726024470747 16.833106994628906 653
1726024470919 16.82398223876953 654
1726024471092 16.81486701965332 655
1726024471263 16.805761337280273 656
1726024471435 16.79667091369629 657
1726024471607 16.787588119506836 658
1726024471780 16.77851676940918 659
1726024471953 16.769454956054688 660
1726024472126 16.760404586791992 661
1726024472297 16.751365661621094 662
1726024472470 16.74233627319336 663
1726024472642 16.733318328857422 664
1726024472814 16.72430992126465 665
1726024472988 16.715312957763672 666
1726024473160 16.70632553100586 667
1726024473332 16.69734764099121 668
1726024473503 16.68838119506836 669
1726024473675 16.679426193237305 670
1726024473847 16.670480728149414 671
1726024474020 16.661544799804688 672
1726024474193 16.652620315551758 673
1726024474365 16.64370346069336 674
1726024474538 16.634798049926758 675
1726024474711 16.625904083251953 676
1726024474881 16.61701774597168 677
1726024475053 16.608144760131836 678
1726024475227 16.599279403686523 679
1726024475399 16.590423583984375 680
1726024475573 16.581579208374023 681
1726024475745 16.572742462158203 682
1726024475917 16.56391716003418 683
1726024476090 16.555103302001953 684
1726024476261 16.546295166015625 685
1726024476433 16.537498474121094 686
1726024476604 16.52871322631836 687
1726024476777 16.51993751525879 688
1726024476950 16.51116943359375 689
1726024477122 16.502412796020508 690
1726024477294 16.49366569519043 691
1726024477466 16.484926223754883 692
1726024477639 16.4761962890625 693
1726024477812 16.46747589111328 694
1726024477984 16.45876693725586 695
1726024478156 16.45006561279297 696
1726024478329 16.441375732421875 697
1726024478502 16.432693481445312 698
1726024478674 16.424022674560547 699
1726024478847 16.41535758972168 700
1726024479018 16.40670394897461 701
1726024479189 16.398059844970703 702
1726024479361 16.389423370361328 703
1726024479532 16.380796432495117 704
1726024479704 16.37217903137207 705
1726024479877 16.363571166992188 706
1726024480049 16.35497283935547 707
1726024480223 16.34638214111328 708
1726024480395 16.337800979614258 709
1726024480568 16.3292293548584 710
1726024480742 16.32066535949707 711
1726024480917 16.312108993530273 712
1726024481090 16.303564071655273 713
1726024481263 16.295028686523438 714
1726024481436 16.286500930786133 715
1726024481608 16.27798080444336 716
1726024481779 16.269472122192383 717
1726024481952 16.260969161987305 718
1726024482123 16.252477645874023 719
1726024482293 16.24399185180664 720
1726024482463 16.235517501831055 721
1726024482634 16.22705078125 722
1726024482806 16.21859359741211 723
1726024482977 16.210142135620117 724
1726024483150 16.201702117919922 725
1726024483321 16.193269729614258 726
1726024483491 16.184844970703125 727
1726024483662 16.176429748535156 728
1726024483833 16.16802215576172 729
1726024484004 16.159624099731445 730
1726024484187 16.15123176574707 731
1726024484358 16.142850875854492 732
1726024484531 16.134475708007812 733
1726024484702 16.12611198425293 734
1726024484875 16.117753982543945 735
1726024485047 16.109405517578125 736
1726024485219 16.101062774658203 737
1726024485389 16.092731475830078 738
1726024485561 16.08440589904785 739
1726024485733 16.07608985900879 740
1726024485906 16.06778335571289 741
1726024486079 16.05948257446289 742
1726024486250 16.051191329956055 743
1726024486421 16.042905807495117 744
1726024486593 16.034631729125977 745
1726024486764 16.0263614654541 746
1726024486936 16.01810073852539 747
1726024487107 16.009849548339844 748
1726024487279 16.001604080200195 749
1726024487452 15.993368148803711 750
1726024487624 15.985140800476074 751
1726024487797 15.976919174194336 752
1726024487969 15.968705177307129 753
1726024488141 15.960500717163086 754
1726024488312 15.95230484008789 755
1726024488483 15.944113731384277 756
1726024488655 15.935931205749512 757
1726024488827 15.92775821685791 758
1726024488999 15.91958999633789 759
1726024489171 15.911432266235352 760
1726024489340 15.903281211853027 761
1726024489510 15.895136833190918 762
1726024489681 15.88700008392334 763
1726024489852 15.87887191772461 764
1726024490023 15.87075138092041 765
1726024490196 15.862637519836426 766
1726024490367 15.854532241821289 767
1726024490539 15.846431732177734 768
1726024490711 15.838340759277344 769
1726024490883 15.830256462097168 770
1726024491055 15.82218074798584 771
1726024491228 15.814111709594727 772
1726024491399 15.806050300598145 773
1726024491572 15.797995567321777 774
1726024491744 15.789948463439941 775
1726024491916 15.781907081604004 776
1726024492089 15.77387523651123 777
1726024492260 15.765849113464355 778
1726024492433 15.757831573486328 779
1726024492606 15.749821662902832 780
1726024492779 15.741817474365234 781
1726024492952 15.733820915222168 782
1726024493124 15.725830078125 783
1726024493296 15.71784782409668 784
1726024493468 15.70987319946289 785
1726024493641 15.701904296875 786
1726024493812 15.693942070007324 787
1726024493986 15.685989379882812 788
1726024494158 15.678041458129883 789
1726024494328 15.6701021194458 790
1726024494499 15.6621675491333 791
1726024494672 15.654241561889648 792
1726024494844 15.646322250366211 793
1726024495016 15.638408660888672 794
1726024495188 15.63050365447998 795
1726024495361 15.622604370117188 796
1726024495536 15.61471176147461 797
1726024495712 15.606827735900879 798
1726024495887 15.598949432373047 799
1726024496067 15.591076850891113 800
1726024496245 15.583212852478027 801
1726024496423 15.57535457611084 802
1726024496598 15.567502975463867 803
1726024496774 15.559657096862793 804
1726024496948 15.551820755004883 805
1726024497127 15.543988227844238 806
1726024497301 15.536164283752441 807
1726024497479 15.52834701538086 808
1726024497653 15.520535469055176 809
1726024497832 15.512728691101074 810
1726024498007 15.504931449890137 811
1726024498181 15.497139930725098 812
1726024498355 15.489354133605957 813
1726024498535 15.481575012207031 814
1726024498711 15.473803520202637 815
1726024498884 15.466036796569824 816
1726024499059 15.458277702331543 817
1726024499234 15.45052433013916 818
1726024499411 15.442778587341309 819
1726024499585 15.435038566589355 820
1726024499760 15.427305221557617 821
1726024499938 15.419576644897461 822
1726024500114 15.411857604980469 823
1726024500289 15.404141426086426 824
1726024500465 15.396431922912598 825
1726024500640 15.388731002807617 826
1726024500820 15.381035804748535 827
1726024500996 15.373345375061035 828
1726024501172 15.365663528442383 829
1726024501349 15.35798454284668 830
1726024501527 15.350314140319824 831
1726024501705 15.342650413513184 832
1726024501880 15.334991455078125 833
1726024502054 15.327341079711914 834
1726024502226 15.319694519042969 835
1726024502397 15.312054634094238 836
1726024502570 15.304420471191406 837
1726024502740 15.296792030334473 838
1726024502912 15.289170265197754 839
1726024503084 15.28155517578125 840
1726024503256 15.273946762084961 841
1726024503428 15.266341209411621 842
1726024503605 15.258743286132812 843
1726024503780 15.251152038574219 844
1726024503954 15.243568420410156 845
1726024504125 15.23598861694336 846
1726024504301 15.228414535522461 847
1726024504475 15.220847129821777 848
1726024504651 15.213286399841309 849
1726024504822 15.205729484558105 850
1726024504993 15.198179244995117 851
1726024505170 15.190634727478027 852
1726024505343 15.183096885681152 853
1726024505517 15.175564765930176 854
1726024505691 15.168038368225098 855
1726024505865 15.160517692565918 856
1726024506044 15.15300178527832 857
1726024506265 15.14549446105957 858
1726024506447 15.13798999786377 859
1726024506629 15.1304931640625 860
1726024506812 15.123001098632812 861
1726024506994 15.115513801574707 862
1726024507174 15.108034133911133 863
1726024507355 15.10055923461914 864
1726024507536 15.093090057373047 865
1726024507710 15.085627555847168 866
1726024507882 15.078169822692871 867
1726024508054 15.070716857910156 868
1726024508225 15.063270568847656 869
1726024508399 15.055830001831055 870
1726024508571 15.048395156860352 871
1726024508748 15.04096508026123 872
1726024508920 15.033540725708008 873
1726024509094 15.026123046875 874
1726024509266 15.018709182739258 875
1726024509438 15.011302947998047 876
1726024509609 15.003900527954102 877
1726024509779 14.996501922607422 878
1726024509949 14.98911190032959 879
1726024510120 14.98172664642334 880
1726024510292 14.974346160888672 881
1726024510464 14.966972351074219 882
1726024510634 14.959603309631348 883
1726024510805 14.952239036560059 884
1726024510976 14.944880485534668 885
1726024511147 14.93752670288086 886
1726024511317 14.930179595947266 887
1726024511489 14.92283821105957 888
1726024511661 14.91550064086914 889
1726024511833 14.90816879272461 890
1726024512006 14.900842666625977 891
1726024512176 14.893522262573242 892
1726024512348 14.886205673217773 893
1726024512521 14.87889575958252 894
1726024512694 14.871591567993164 895
1726024512872 14.86429214477539 896
1726024513047 14.8569974899292 897
1726024513219 14.849706649780273 898
1726024513390 14.842423439025879 899
1726024513561 14.835144996643066 900
1726024513732 14.827871322631836 901
1726024513903 14.820601463317871 902
1726024514084 14.813339233398438 903
1726024514266 14.80608081817627 904
1726024514442 14.798827171325684 905
1726024514619 14.791580200195312 906
1726024514795 14.784337997436523 907
1726024514972 14.777098655700684 908
1726024515148 14.769867897033691 909
1726024515323 14.762639045715332 910
1726024515496 14.755416870117188 911
1726024515668 14.748199462890625 912
1726024515840 14.740987777709961 913
1726024516011 14.733779907226562 914
1726024516181 14.726577758789062 915
1726024516353 14.719381332397461 916
1726024516524 14.712188720703125 917
1726024516697 14.705000877380371 918
1726024516869 14.697819709777832 919
1726024517041 14.690642356872559 920
1726024517215 14.683469772338867 921
1726024517391 14.676301956176758 922
1726024517574 14.66913890838623 923
1726024517752 14.661983489990234 924
1726024517925 14.654830932617188 925
1726024518098 14.647683143615723 926
1726024518273 14.64054012298584 927
1726024518446 14.633401870727539 928
1726024518619 14.626269340515137 929
1726024518791 14.619140625 930
1726024518962 14.612019538879395 931
1726024519133 14.604899406433105 932
1726024519308 14.597786903381348 933
1726024519486 14.590677261352539 934
1726024519659 14.583574295043945 935
1726024519840 14.5764741897583 936
1726024520022 14.569379806518555 937
1726024520202 14.56229019165039 938
1726024520379 14.555204391479492 939
1726024520560 14.548125267028809 940
1726024520736 14.541049003601074 941
1726024520913 14.533979415893555 942
1726024521093 14.526914596557617 943
1726024521270 14.519852638244629 944
1726024521452 14.512795448303223 945
1726024521631 14.505743026733398 946
1726024521805 14.498697280883789 947
1726024521978 14.491654396057129 948
1726024522150 14.48461627960205 949
1726024522324 14.477583885192871 950
1726024522496 14.470556259155273 951
1726024522667 14.463531494140625 952
1726024522839 14.456511497497559 953
1726024523012 14.449496269226074 954
1726024523190 14.442488670349121 955
1726024523368 14.435481071472168 956
1726024523548 14.428481101989746 957
1726024523722 14.42148494720459 958
1726024523894 14.414493560791016 959
1726024524067 14.407506942749023 960
1726024524239 14.400524139404297 961
1726024524411 14.393545150756836 962
1726024524584 14.386570930480957 963
1726024524759 14.379602432250977 964
1726024524935 14.372639656066895 965
1726024525108 14.365678787231445 966
1726024525283 14.358723640441895 967
1726024525455 14.35177230834961 968
1726024525628 14.344825744628906 969
1726024525799 14.337882041931152 970
1726024525970 14.33094596862793 971
1726024526141 14.324012756347656 972
1726024526311 14.317083358764648 973
1726024526481 14.310158729553223 974
1726024526653 14.303239822387695 975
1726024526827 14.296323776245117 976
1726024526998 14.289412498474121 977
1726024527170 14.282506942749023 978
1726024527342 14.275603294372559 979
1726024527513 14.268705368041992 980
1726024527684 14.261812210083008 981
1726024527855 14.254922866821289 982
1726024528027 14.24803638458252 983
1726024528200 14.241157531738281 984
1726024528375 14.234281539916992 985
1726024528550 14.227409362792969 986
1726024528720 14.220541000366211 987
1726024528891 14.213677406311035 988
1726024529063 14.206818580627441 989
1726024529236 14.199962615966797 990
1726024529410 14.193111419677734 991
1726024529590 14.18626594543457 992
1726024529767 14.179425239562988 993
1726024529946 14.172586441040039 994
1726024530127 14.165752410888672 995
1726024530305 14.158924102783203 996
1726024530482 14.152098655700684 997
1726024530660 14.145277976989746 998
1726024530837 14.138460159301758 999
1726024531015 14.131649017333984 1000
1726024531192 14.12484073638916 1001
1726024531369 14.118036270141602 1002
1726024531544 14.111236572265625 1003
1726024531722 14.104440689086914 1004
1726024531902 14.097648620605469 1005
1726024532079 14.090862274169922 1006
1726024532254 14.084077835083008 1007
1726024532429 14.077298164367676 1008
1726024532611 14.070524215698242 1009
1726024532790 14.063753128051758 1010
1726024532969 14.056986808776855 1011
1726024533145 14.050223350524902 1012
1726024533320 14.043465614318848 1013
1726024533498 14.036710739135742 1014
1726024533676 14.029960632324219 1015
1726024533851 14.023213386535645 1016
1726024534027 14.016471862792969 1017
1726024534204 14.009734153747559 1018
1726024534376 14.003000259399414 1019
1726024534554 13.996269226074219 1020
1726024534735 13.989543914794922 1021
1726024534910 13.982820510864258 1022
1726024535084 13.976102828979492 1023
1726024535258 13.969389915466309 1024
1726024535429 13.962678909301758 1025
1726024535600 13.955973625183105 1026
1726024535772 13.949270248413086 1027
1726024535943 13.942573547363281 1028
1726024536114 13.93587875366211 1029
1726024536287 13.92918872833252 1030
1726024536459 13.922503471374512 1031
1726024536631 13.915820121765137 1032
1726024536803 13.90914249420166 1033
1726024536977 13.902467727661133 1034
1726024537149 13.895796775817871 1035
1726024537320 13.889130592346191 1036
1726024537491 13.882469177246094 1037
1726024537662 13.875808715820312 1038
1726024537834 13.86915397644043 1039
1726024538006 13.862504959106445 1040
1726024538176 13.855857849121094 1041
1726024538348 13.849213600158691 1042
1726024538519 13.842575073242188 1043
1726024538690 13.835939407348633 1044
1726024538861 13.82930850982666 1045
1726024539032 13.822681427001953 1046
1726024539207 13.816057205200195 1047
1726024539381 13.80943775177002 1048
1726024539554 13.802821159362793 1049
1726024539727 13.796209335327148 1050
1726024539898 13.789600372314453 1051
1726024540069 13.78299617767334 1052
1726024540243 13.776394844055176 1053
1726024540415 13.76979923248291 1054
1726024540587 13.763205528259277 1055
1726024540759 13.756616592407227 1056
1726024540932 13.750031471252441 1057
1726024541102 13.743448257446289 1058
1726024541273 13.736870765686035 1059
1726024541445 13.73029613494873 1060
1726024541616 13.723725318908691 1061
1726024541787 13.717157363891602 1062
1726024541958 13.71059513092041 1063
1726024542130 13.704035758972168 1064
1726024542301 13.697482109069824 1065
1726024542472 13.690929412841797 1066
1726024542643 13.684381484985352 1067
1726024542814 13.677836418151855 1068
1726024542986 13.671295166015625 1069
1726024543159 13.664758682250977 1070
1726024543329 13.658225059509277 1071
1726024543499 13.651697158813477 1072
1726024543671 13.645170211791992 1073
1726024543842 13.63864803314209 1074
1726024544012 13.63212776184082 1075
1726024544183 13.625615119934082 1076
1726024544356 13.61910343170166 1077
1726024544530 13.61259651184082 1078
1726024544703 13.606091499328613 1079
1726024544875 13.599592208862305 1080
1726024545047 13.593094825744629 1081
1726024545218 13.586601257324219 1082
1726024545389 13.580113410949707 1083
1726024545561 13.573625564575195 1084
1726024545735 13.567144393920898 1085
1726024545908 13.56066608428955 1086
1726024546079 13.554189682006836 1087
1726024546251 13.54771900177002 1088
1726024546422 13.541252136230469 1089
1726024546595 13.53478717803955 1090
1726024546767 13.528326988220215 1091
1726024546940 13.521869659423828 1092
1726024547114 13.51541519165039 1093
1726024547287 13.508965492248535 1094
1726024547461 13.502519607543945 1095
1726024547633 13.496075630187988 1096
1726024547804 13.48963737487793 1097
1726024547977 13.483202934265137 1098
1726024548148 13.47676944732666 1099
1726024548319 13.470340728759766 1100
1726024548491 13.46391487121582 1101
1726024548662 13.457493782043457 1102
1726024548835 13.451075553894043 1103
1726024549006 13.444661140441895 1104
1726024549176 13.438249588012695 1105
1726024549347 13.431840896606445 1106
1726024549521 13.425437927246094 1107
1726024549701 13.419035911560059 1108
1726024549877 13.412639617919922 1109
1726024550052 13.406246185302734 1110
1726024550229 13.39985466003418 1111
1726024550409 13.393468856811523 1112
1726024550587 13.3870849609375 1113
1726024550765 13.380705833435059 1114
1726024550938 13.374329566955566 1115
1726024551120 13.367956161499023 1116
1726024551301 13.361586570739746 1117
1726024551475 13.355220794677734 1118
1726024551648 13.348857879638672 1119
1726024551827 13.342498779296875 1120
1726024552004 13.336143493652344 1121
1726024552177 13.329789161682129 1122
1726024552352 13.323440551757812 1123
1726024552528 13.317094802856445 1124
1726024552708 13.31075382232666 1125
1726024552884 13.304412841796875 1126
1726024553064 13.298079490661621 1127
1726024553239 13.291747093200684 1128
1726024553412 13.285418510437012 1129
1726024553586 13.279091835021973 1130
1726024553766 13.272770881652832 1131
1726024553945 13.266451835632324 1132
1726024554126 13.260136604309082 1133
1726024554301 13.253824234008789 1134
1726024554480 13.247515678405762 1135
1726024554662 13.2412109375 1136
1726024554837 13.234908103942871 1137
1726024555015 13.228610038757324 1138
1726024555192 13.22231388092041 1139
1726024555366 13.216021537780762 1140
1726024555540 13.209733963012695 1141
1726024555722 13.203447341918945 1142
1726024555899 13.197165489196777 1143
1726024556073 13.190888404846191 1144
1726024556256 13.184612274169922 1145
1726024556432 13.178339004516602 1146
1726024556605 13.17207145690918 1147
1726024556778 13.16580581665039 1148
1726024556959 13.15954303741455 1149
1726024557142 13.153284072875977 1150
1726024557319 13.147028923034668 1151
1726024557492 13.140775680541992 1152
1726024557665 13.134527206420898 1153
1726024557836 13.128280639648438 1154
1726024558007 13.122037887573242 1155
1726024558179 13.115797996520996 1156
1726024558351 13.109561920166016 1157
1726024558528 13.103328704833984 1158
1726024558709 13.097099304199219 1159
1726024558892 13.090871810913086 1160
1726024559073 13.084650993347168 1161
1726024559244 13.07843017578125 1162
1726024559417 13.072212219238281 1163
1726024559590 13.065999984741211 1164
1726024559762 13.05978775024414 1165
1726024559934 13.053581237792969 1166
1726024560105 13.047377586364746 1167
1726024560279 13.041176795959473 1168
1726024560452 13.034977912902832 1169
1726024560623 13.028783798217773 1170
1726024560795 13.022592544555664 1171
1726024560967 13.01640510559082 1172
1726024561140 13.01021957397461 1173
1726024561311 13.004037857055664 1174
1726024561482 12.997859954833984 1175
1726024561654 12.991683959960938 1176
1726024561826 12.985512733459473 1177
1726024561998 12.979342460632324 1178
1726024562169 12.973176002502441 1179
1726024562343 12.967013359069824 1180
1726024562514 12.960854530334473 1181
1726024562686 12.954696655273438 1182
1726024562858 12.948542594909668 1183
1726024563029 12.942394256591797 1184
1726024563201 12.936245918273926 1185
1726024563373 12.930103302001953 1186
1726024563544 12.92396068572998 1187
1726024563716 12.917823791503906 1188
1726024563890 12.911686897277832 1189
1726024564061 12.905556678771973 1190
1726024564234 12.899429321289062 1191
1726024564405 12.893303871154785 1192
1726024564577 12.887181282043457 1193
1726024564749 12.881062507629395 1194
1726024564920 12.874944686889648 1195
1726024565092 12.868831634521484 1196
1726024565264 12.86272144317627 1197
1726024565436 12.856616020202637 1198
1726024565608 12.85051155090332 1199
1726024565780 12.844409942626953 1200
1726024565953 12.838313102722168 1201
1726024566125 12.8322172164917 1202
1726024566298 12.826126098632812 1203
1726024566469 12.820037841796875 1204
1726024566641 12.81395149230957 1205
1726024566812 12.807868957519531 1206
1726024566984 12.801790237426758 1207
1726024567157 12.7957124710083 1208
1726024567330 12.789639472961426 1209
1726024567502 12.7835693359375 1210
1726024567674 12.77750301361084 1211
1726024567845 12.771438598632812 1212
1726024568017 12.765377044677734 1213
1726024568190 12.759318351745605 1214
1726024568362 12.753262519836426 1215
1726024568535 12.747211456298828 1216
1726024568707 12.74116039276123 1217
1726024568878 12.735114097595215 1218
1726024569051 12.729071617126465 1219
1726024569224 12.723030090332031 1220
1726024569397 12.716994285583496 1221
1726024569570 12.710959434509277 1222
1726024569741 12.704927444458008 1223
1726024569913 12.698899269104004 1224
1726024570086 12.69287395477295 1225
1726024570260 12.686851501464844 1226
1726024570431 12.680831909179688 1227
1726024570605 12.674816131591797 1228
1726024570777 12.668801307678223 1229
1726024570950 12.662793159484863 1230
1726024571122 12.656783103942871 1231
1726024571294 12.650778770446777 1232
1726024571465 12.644777297973633 1233
1726024571638 12.638777732849121 1234
1726024571810 12.632781982421875 1235
1726024571983 12.626789093017578 1236
1726024572156 12.620800018310547 1237
1726024572328 12.614811897277832 1238
1726024572500 12.608827590942383 1239
1726024572673 12.602846145629883 1240
1726024572844 12.596866607666016 1241
1726024573017 12.590893745422363 1242
1726024573191 12.584919929504395 1243
1726024573362 12.578950881958008 1244
1726024573531 12.57298469543457 1245
1726024573703 12.567020416259766 1246
1726024573876 12.56105899810791 1247
1726024574049 12.55510139465332 1248
1726024574222 12.54914665222168 1249
1726024574394 12.543193817138672 1250
1726024574566 12.537242889404297 1251
1726024574738 12.53129768371582 1252
1726024574910 12.525354385375977 1253
1726024575082 12.519413948059082 1254
1726024575254 12.513474464416504 1255
1726024575426 12.507539749145508 1256
1726024575599 12.501608848571777 1257
1726024575770 12.495677947998047 1258
1726024575943 12.489751815795898 1259
1726024576115 12.483829498291016 1260
1726024576287 12.47790813446045 1261
1726024576459 12.471989631652832 1262
1726024576631 12.466075897216797 1263
1726024576804 12.460163116455078 1264
1726024576977 12.454253196716309 1265
1726024577149 12.448347091674805 1266
1726024577321 12.44244384765625 1267
1726024577493 12.436543464660645 1268
1726024577666 12.430644035339355 1269
1726024577839 12.424749374389648 1270
1726024578012 12.418856620788574 1271
1726024578185 12.412968635559082 1272
1726024578357 12.407081604003906 1273
1726024578529 12.40119743347168 1274
1726024578702 12.395315170288086 1275
1726024578875 12.38943862915039 1276
1726024579048 12.383562088012695 1277
1726024579225 12.37768840789795 1278
1726024579418 12.371819496154785 1279
1726024579593 12.365950584411621 1280
1726024579767 12.360087394714355 1281
1726024579947 12.354227066040039 1282
1726024580130 12.348366737365723 1283
1726024580308 12.342512130737305 1284
1726024580489 12.336658477783203 1285
1726024580665 12.33080768585205 1286
1726024580838 12.324960708618164 1287
1726024581014 12.31911563873291 1288
1726024581193 12.313273429870605 1289
1726024581366 12.307435035705566 1290
1726024581539 12.30159854888916 1291
1726024581712 12.295763969421387 1292
1726024581887 12.289933204650879 1293
1726024582061 12.284104347229004 1294
1726024582233 12.278279304504395 1295
1726024582404 12.272456169128418 1296
1726024582578 12.266636848449707 1297
1726024582750 12.260817527770996 1298
1726024582923 12.255003929138184 1299
1726024583094 12.24919319152832 1300
1726024583265 12.243383407592773 1301
1726024583438 12.237576484680176 1302
1726024583617 12.231773376464844 1303
1726024583802 12.225971221923828 1304
1726024583979 12.220173835754395 1305
1726024584160 12.21437931060791 1306
1726024584337 12.208584785461426 1307
1726024584520 12.202794075012207 1308
1726024584698 12.19700813293457 1309
1726024584877 12.19122314453125 1310
1726024585055 12.185441970825195 1311
1726024585226 12.179661750793457 1312
1726024585403 12.173887252807617 1313
1726024585575 12.168111801147461 1314
1726024585746 12.162341117858887 1315
1726024585918 12.156572341918945 1316
1726024586090 12.150806427001953 1317
1726024586262 12.145044326782227 1318
1726024586436 12.139284133911133 1319
1726024586607 12.133526802062988 1320
1726024586779 12.127771377563477 1321
1726024586951 12.122018814086914 1322
1726024587123 12.116268157958984 1323
1726024587294 12.11052131652832 1324
1726024587465 12.104778289794922 1325
1726024587636 12.099035263061523 1326
1726024587807 12.093297958374023 1327
1726024587978 12.087559700012207 1328
1726024588151 12.081827163696289 1329
1726024588323 12.076095581054688 1330
1726024588494 12.070367813110352 1331
1726024588668 12.064640998840332 1332
1726024588841 12.058918952941895 1333
1726024589011 12.053199768066406 1334
1726024589183 12.047480583190918 1335
1726024589354 12.041766166687012 1336
1726024589527 12.036053657531738 1337
1726024589699 12.030344009399414 1338
1726024589874 12.024636268615723 1339
1726024590049 12.018930435180664 1340
1726024590222 12.013230323791504 1341
1726024590393 12.007530212402344 1342
1726024590563 12.00183391571045 1343
1726024590734 11.996138572692871 1344
1726024590904 11.990447998046875 1345
1726024591076 11.984759330749512 1346
1726024591250 11.979073524475098 1347
1726024591425 11.973389625549316 1348
1726024591596 11.967708587646484 1349
1726024591768 11.962030410766602 1350
1726024591940 11.956353187561035 1351
1726024592111 11.950681686401367 1352
1726024592285 11.945011138916016 1353
1726024592457 11.939342498779297 1354
1726024592628 11.933677673339844 1355
1726024592801 11.92801570892334 1356
1726024592974 11.922355651855469 1357
1726024593144 11.91669750213623 1358
1726024593316 11.911042213439941 1359
1726024593488 11.905389785766602 1360
1726024593659 11.899740219116211 1361
1726024593832 11.89409351348877 1362
1726024594003 11.888448715209961 1363
1726024594176 11.882806777954102 1364
1726024594346 11.877166748046875 1365
1726024594519 11.871529579162598 1366
1726024594691 11.86589527130127 1367
1726024594861 11.860264778137207 1368
1726024595031 11.854636192321777 1369
1726024595203 11.849008560180664 1370
1726024595376 11.8433837890625 1371
1726024595547 11.837762832641602 1372
1726024595719 11.832143783569336 1373
1726024595891 11.82652759552002 1374
1726024596062 11.820913314819336 1375
1726024596234 11.815301895141602 1376
1726024596406 11.809693336486816 1377
1726024596578 11.80408763885498 1378
1726024596748 11.798483848571777 1379
1726024596920 11.792882919311523 1380
1726024597092 11.787283897399902 1381
1726024597266 11.78168773651123 1382
1726024597438 11.776094436645508 1383
1726024597611 11.770503044128418 1384
1726024597782 11.764914512634277 1385
1726024597956 11.759328842163086 1386
1726024598127 11.753745079040527 1387
1726024598298 11.748165130615234 1388
1726024598469 11.742586135864258 1389
1726024598642 11.737010955810547 1390
1726024598813 11.731437683105469 1391
1726024598985 11.725866317749023 1392
1726024599156 11.720297813415527 1393
1726024599326 11.71473217010498 1394
1726024599498 11.709168434143066 1395
1726024599670 11.703608512878418 1396
1726024599843 11.698049545288086 1397
1726024600015 11.692493438720703 1398
1726024600187 11.686939239501953 1399
1726024600359 11.681390762329102 1400
1726024600532 11.675841331481934 1401
1726024600702 11.670295715332031 1402
1726024600874 11.664752960205078 1403
1726024601046 11.659211158752441 1404
1726024601219 11.65367317199707 1405
1726024601391 11.648137092590332 1406
1726024601564 11.642603874206543 1407
1726024601737 11.63707447052002 1408
1726024601909 11.631545066833496 1409
1726024602081 11.626018524169922 1410
1726024602253 11.620494842529297 1411
1726024602426 11.614974021911621 1412
1726024602599 11.609456062316895 1413
1726024602771 11.603940963745117 1414
1726024602942 11.59842586517334 1415
1726024603114 11.592914581298828 1416
1726024603286 11.587406158447266 1417
1726024603456 11.581900596618652 1418
1726024603625 11.576396942138672 1419
1726024603798 11.570895195007324 1420
1726024603971 11.56539535522461 1421
1726024604143 11.559900283813477 1422
1726024604315 11.55440616607666 1423
1726024604486 11.54891586303711 1424
1726024604659 11.543426513671875 1425
1726024604831 11.53794002532959 1426
1726024605003 11.532455444335938 1427
1726024605175 11.526973724365234 1428
1726024605346 11.521493911743164 1429
1726024605517 11.51601791381836 1430
1726024605688 11.510542869567871 1431
1726024605860 11.505071640014648 1432
1726024606033 11.499602317810059 1433
1726024606204 11.494134902954102 1434
1726024606377 11.488670349121094 1435
1726024606550 11.483208656311035 1436
1726024606723 11.47774887084961 1437
1726024606894 11.472290992736816 1438
1726024607064 11.466836929321289 1439
1726024607237 11.461383819580078 1440
1726024607409 11.455933570861816 1441
1726024607581 11.450486183166504 1442
1726024607754 11.44504165649414 1443
1726024607926 11.439598083496094 1444
1726024608097 11.434157371520996 1445
1726024608271 11.428720474243164 1446
1726024608443 11.423284530639648 1447
1726024608613 11.41784954071045 1448
1726024608785 11.412420272827148 1449
1726024608958 11.40699291229248 1450
1726024609129 11.401565551757812 1451
1726024609303 11.39614200592041 1452
1726024609477 11.390721321105957 1453
1726024609649 11.385303497314453 1454
1726024609822 11.37988567352295 1455
1726024609993 11.374472618103027 1456
1726024610164 11.369060516357422 1457
1726024610335 11.36365032196045 1458
1726024610508 11.358242988586426 1459
1726024610682 11.3528413772583 1460
1726024610853 11.34743881225586 1461
1726024611026 11.342039108276367 1462
1726024611197 11.336641311645508 1463
1726024611369 11.331246376037598 1464
1726024611541 11.325854301452637 1465
1726024611715 11.320463180541992 1466
1726024611887 11.315075874328613 1467
1726024612058 11.309691429138184 1468
1726024612230 11.30430793762207 1469
1726024612401 11.298927307128906 1470
1726024612573 11.293548583984375 1471
1726024612744 11.288172721862793 1472
1726024612915 11.282800674438477 1473
1726024613085 11.277427673339844 1474
1726024613256 11.27205753326416 1475
1726024613427 11.266693115234375 1476
1726024613599 11.261327743530273 1477
1726024613770 11.25596809387207 1478
1726024613941 11.25060749053955 1479
1726024614115 11.245250701904297 1480
1726024614285 11.23989486694336 1481
1726024614457 11.234543800354004 1482
1726024614629 11.229193687438965 1483
1726024614800 11.223846435546875 1484
1726024614973 11.218501091003418 1485
1726024615145 11.21315860748291 1486
1726024615317 11.207817077636719 1487
1726024615489 11.202479362487793 1488
1726024615659 11.197141647338867 1489
1726024615830 11.191808700561523 1490
1726024616001 11.186477661132812 1491
1726024616173 11.181148529052734 1492
1726024616345 11.175821304321289 1493
1726024616517 11.17049789428711 1494
1726024616690 11.165175437927246 1495
1726024616861 11.159854888916016 1496
1726024617033 11.15453815460205 1497
1726024617203 11.149223327636719 1498
1726024617376 11.14391040802002 1499
1726024617547 11.13860034942627 1500
1726024617721 11.133291244506836 1501
1726024617891 11.127985954284668 1502
1726024618063 11.122681617736816 1503
1726024618234 11.11738109588623 1504
1726024618405 11.112082481384277 1505
1726024618578 11.106786727905273 1506
1726024618751 11.10149097442627 1507
1726024618922 11.096200942993164 1508
1726024619094 11.090909957885742 1509
1726024619265 11.085622787475586 1510
1726024619436 11.080339431762695 1511
1726024619609 11.075055122375488 1512
1726024619780 11.069774627685547 1513
1726024619952 11.064495086669922 1514
1726024620122 11.059219360351562 1515
1726024620295 11.053946495056152 1516
1726024620466 11.048676490783691 1517
1726024620638 11.04340648651123 1518
1726024620810 11.038141250610352 1519
1726024620981 11.032876014709473 1520
1726024621153 11.027613639831543 1521
1726024621327 11.022354125976562 1522
1726024621502 11.017097473144531 1523
1726024621676 11.011841773986816 1524
1726024621850 11.00658893585205 1525
1726024622034 11.001338005065918 1526
1726024622208 10.996089935302734 1527
1726024622381 10.990843772888184 1528
1726024622553 10.985600471496582 1529
1726024622725 10.98035717010498 1530
1726024622898 10.975119590759277 1531
1726024623069 10.969883918762207 1532
1726024623242 10.96464729309082 1533
1726024623415 10.9594144821167 1534
1726024623590 10.95418643951416 1535
1726024623763 10.948957443237305 1536
1726024623935 10.943732261657715 1537
1726024624106 10.938507080078125 1538
1726024624280 10.933286666870117 1539
1726024624453 10.928068161010742 1540
1726024624625 10.922850608825684 1541
1726024624799 10.917637825012207 1542
1726024624973 10.91242504119873 1543
1726024625146 10.907214164733887 1544
1726024625318 10.902006149291992 1545
1726024625491 10.896800994873047 1546
1726024625663 10.89159870147705 1547
1726024625836 10.886396408081055 1548
1726024626008 10.881197929382324 1549
1726024626180 10.876002311706543 1550
1726024626352 10.870808601379395 1551
1726024626521 10.865616798400879 1552
1726024626691 10.860426902770996 1553
1726024626865 10.855238914489746 1554
1726024627038 10.850054740905762 1555
1726024627213 10.844870567321777 1556
1726024627385 10.839691162109375 1557
1726024627557 10.834513664245605 1558
1726024627730 10.829336166381836 1559
1726024627903 10.824162483215332 1560
1726024628075 10.818989753723145 1561
1726024628247 10.813821792602539 1562
1726024628418 10.808653831481934 1563
1726024628591 10.803488731384277 1564
1726024628763 10.798325538635254 1565
1726024628936 10.793164253234863 1566
1726024629109 10.788006782531738 1567
1726024629283 10.782849311828613 1568
1726024629455 10.777695655822754 1569
1726024629629 10.772543907165527 1570
1726024629802 10.76739501953125 1571
1726024629975 10.762246131896973 1572
1726024630147 10.757102966308594 1573
1726024630320 10.751959800720215 1574
1726024630491 10.746818542480469 1575
1726024630662 10.741680145263672 1576
1726024630834 10.736544609069824 1577
1726024631007 10.731409072875977 1578
1726024631179 10.726278305053711 1579
1726024631351 10.721147537231445 1580
1726024631523 10.716021537780762 1581
1726024631695 10.710894584655762 1582
1726024631870 10.705772399902344 1583
1726024632044 10.700652122497559 1584
1726024632217 10.69553279876709 1585
1726024632388 10.69041633605957 1586
1726024632560 10.685302734375 1587
1726024632731 10.680191040039062 1588
1726024632902 10.675082206726074 1589
1726024633075 10.66997241973877 1590
1726024633249 10.66486644744873 1591
1726024633422 10.659764289855957 1592
1726024633595 10.6546630859375 1593
1726024633769 10.649563789367676 1594
1726024633941 10.6444673538208 1595
1726024634112 10.639372825622559 1596
1726024634285 10.63428020477295 1597
1726024634455 10.629189491271973 1598
1726024634627 10.624103546142578 1599
1726024634798 10.619016647338867 1600
1726024634971 10.613932609558105 1601
1726024635143 10.608850479125977 1602
1726024635318 10.603771209716797 1603
1726024635491 10.598694801330566 1604
1726024635664 10.593620300292969 1605
1726024635836 10.588545799255371 1606
1726024636007 10.583477020263672 1607
1726024636180 10.578407287597656 1608
1726024636352 10.57334041595459 1609
1726024636523 10.568276405334473 1610
1726024636694 10.563214302062988 1611
1726024636867 10.558155059814453 1612
1726024637043 10.553098678588867 1613
1726024637216 10.548041343688965 1614
1726024637389 10.542989730834961 1615
1726024637560 10.537938117980957 1616
1726024637732 10.532891273498535 1617
1726024637905 10.527841567993164 1618
1726024638078 10.522796630859375 1619
1726024638250 10.517754554748535 1620
1726024638423 10.512715339660645 1621
1726024638595 10.507676124572754 1622
1726024638766 10.502641677856445 1623
1726024638938 10.497607231140137 1624
1726024639110 10.492574691772461 1625
1726024639281 10.48754596710205 1626
1726024639453 10.482518196105957 1627
1726024639625 10.47749137878418 1628
1726024639797 10.472469329833984 1629
1726024639969 10.467448234558105 1630
1726024640141 10.462430000305176 1631
1726024640312 10.457412719726562 1632
1726024640484 10.452398300170898 1633
1726024640655 10.447386741638184 1634
1726024640825 10.442375183105469 1635
1726024640996 10.43736743927002 1636
1726024641167 10.43236255645752 1637
1726024641338 10.42735767364502 1638
1726024641510 10.422355651855469 1639
1726024641681 10.417357444763184 1640
1726024641852 10.412358283996582 1641
1726024642024 10.407363891601562 1642
1726024642200 10.40237045288086 1643
1726024642372 10.397378921508789 1644
1726024642545 10.392390251159668 1645
1726024642716 10.387402534484863 1646
1726024642888 10.382417678833008 1647
1726024643060 10.377435684204102 1648
1726024643234 10.372455596923828 1649
1726024643408 10.367477416992188 1650
1726024643580 10.36250114440918 1651
1726024643754 10.357526779174805 1652
1726024643929 10.352554321289062 1653
1726024644103 10.34758472442627 1654
1726024644275 10.34261703491211 1655
1726024644448 10.337651252746582 1656
1726024644621 10.332688331604004 1657
1726024644792 10.327726364135742 1658
1726024644963 10.32276725769043 1659
1726024645137 10.31781005859375 1660
1726024645312 10.312854766845703 1661
1726024645486 10.307902336120605 1662
1726024645658 10.302950859069824 1663
1726024645831 10.298002243041992 1664
1726024646006 10.293054580688477 1665
1726024646179 10.288110733032227 1666
1726024646351 10.283167839050293 1667
1726024646522 10.278227806091309 1668
1726024646694 10.27328872680664 1669
1726024646865 10.268353462219238 1670
1726024647037 10.263419151306152 1671
1726024647208 10.258487701416016 1672
1726024647378 10.253557205200195 1673
1726024647548 10.248629570007324 1674
1726024647722 10.243703842163086 1675
1726024647894 10.238780975341797 1676
1726024648066 10.233859062194824 1677
1726024648240 10.2289400100708 1678
1726024648412 10.224021911621094 1679
1726024648584 10.219106674194336 1680
1726024648755 10.214193344116211 1681
1726024648927 10.209282875061035 1682
1726024649098 10.204373359680176 1683
1726024649269 10.199466705322266 1684
1726024649441 10.194561958312988 1685
1726024649612 10.189659118652344 1686
1726024649784 10.184758186340332 1687
1726024649956 10.179859161376953 1688
1726024650129 10.17496395111084 1689
1726024650300 10.170068740844727 1690
1726024650472 10.165176391601562 1691
1726024650644 10.160286903381348 1692
1726024650816 10.15539836883545 1693
1726024650988 10.1505126953125 1694
1726024651160 10.145627975463867 1695
1726024651332 10.140746116638184 1696
1726024651504 10.13586711883545 1697
1726024651676 10.130988121032715 1698
1726024651848 10.126112937927246 1699
1726024652020 10.12123966217041 1700
1726024652193 10.116368293762207 1701
1726024652365 10.11149787902832 1702
1726024652536 10.106630325317383 1703
1726024652707 10.101764678955078 1704
1726024652879 10.096900939941406 1705
1726024653050 10.092040061950684 1706
1726024653224 10.087181091308594 1707
1726024653396 10.082324028015137 1708
1726024653567 10.077468872070312 1709
1726024653738 10.072615623474121 1710
1726024653910 10.067765235900879 1711
1726024654083 10.062915802001953 1712
1726024654255 10.05806827545166 1713
1726024654425 10.053224563598633 1714
1726024654598 10.048380851745605 1715
1726024654769 10.043540000915527 1716
1726024654941 10.038702011108398 1717
1726024655112 10.033864974975586 1718
1726024655285 10.029030799865723 1719
1726024655457 10.024198532104492 1720
1726024655629 10.019368171691895 1721
1726024655801 10.014538764953613 1722
1726024655974 10.009713172912598 1723
1726024656145 10.004888534545898 1724
1726024656318 10.000065803527832 1725
1726024656489 9.995246887207031 1726
1726024656661 9.99042797088623 1727
1726024656833 9.985611915588379 1728
1726024657005 9.98079776763916 1729
1726024657178 9.975985527038574 1730
1726024657349 9.971175193786621 1731
1726024657519 9.966367721557617 1732
1726024657692 9.96156120300293 1733
1726024657864 9.956757545471191 1734
1726024658044 9.951955795288086 1735
1726024658217 9.947155952453613 1736
1726024658390 9.942358016967773 1737
1726024658562 9.937561988830566 1738
1726024658733 9.932767868041992 1739
1726024658904 9.927976608276367 1740
1726024659077 9.923187255859375 1741
1726024659250 9.918399810791016 1742
1726024659422 9.913613319396973 1743
1726024659594 9.908830642700195 1744
1726024659765 9.904048919677734 1745
1726024659936 9.899269104003906 1746
1726024660108 9.894491195678711 1747
1726024660279 9.889716148376465 1748
1726024660451 9.884942054748535 1749
1726024660621 9.880169868469238 1750
1726024660793 9.875401496887207 1751
1726024660966 9.870634078979492 1752
1726024661138 9.865867614746094 1753
1726024661309 9.861104011535645 1754
1726024661481 9.856343269348145 1755
1726024661654 9.851584434509277 1756
1726024661826 9.846826553344727 1757
1726024661998 9.842070579528809 1758
1726024662169 9.837318420410156 1759
1726024662342 9.83256721496582 1760
1726024662514 9.8278169631958 1761
1726024662686 9.82306957244873 1762
1726024662858 9.81832504272461 1763
1726024663029 9.813581466674805 1764
1726024663202 9.80884075164795 1765
1726024663373 9.80410099029541 1766
1726024663544 9.799363136291504 1767
1726024663716 9.794628143310547 1768
1726024663889 9.789894104003906 1769
1726024664060 9.785162925720215 1770
1726024664232 9.780434608459473 1771
1726024664403 9.775707244873047 1772
1726024664574 9.770981788635254 1773
1726024664745 9.76625919342041 1774
1726024664915 9.761536598205566 1775
1726024665088 9.756818771362305 1776
1726024665260 9.752100944519043 1777
1726024665431 9.74738597869873 1778
1726024665604 9.742671966552734 1779
1726024665776 9.737960815429688 1780
1726024665948 9.733251571655273 1781
1726024666121 9.728543281555176 1782
1726024666294 9.72383975982666 1783
1726024666466 9.719135284423828 1784
1726024666638 9.714433670043945 1785
1726024666810 9.709734916687012 1786
1726024666982 9.705038070678711 1787
1726024667155 9.700342178344727 1788
1726024667326 9.695649147033691 1789
1726024667498 9.690958023071289 1790
1726024667670 9.68626880645752 1791
1726024667843 9.681581497192383 1792
1726024668015 9.676895141601562 1793
1726024668187 9.672212600708008 1794
1726024668359 9.66753101348877 1795
1726024668531 9.662851333618164 1796
1726024668703 9.658173561096191 1797
1726024668876 9.653498649597168 1798
1726024669050 9.648824691772461 1799
1726024669222 9.644152641296387 1800
1726024669394 9.639483451843262 1801
1726024669565 9.63481616973877 1802
1726024669737 9.630149841308594 1803
1726024669909 9.625486373901367 1804
1726024670080 9.620824813842773 1805
1726024670252 9.616166114807129 1806
1726024670425 9.611507415771484 1807
1726024670595 9.606851577758789 1808
1726024670768 9.602197647094727 1809
1726024670939 9.597545623779297 1810
1726024671110 9.5928955078125 1811
1726024671283 9.588248252868652 1812
1726024671455 9.583601951599121 1813
1726024671626 9.578957557678223 1814
1726024671797 9.574315071105957 1815
1726024671969 9.569676399230957 1816
1726024672141 9.565037727355957 1817
1726024672313 9.560401916503906 1818
1726024672484 9.555768013000488 1819
1726024672655 9.551135063171387 1820
1726024672827 9.546504974365234 1821
1726024673000 9.541876792907715 1822
1726024673171 9.537250518798828 1823
1726024673343 9.53262710571289 1824
1726024673516 9.528003692626953 1825
1726024673687 9.523383140563965 1826
1726024673860 9.51876449584961 1827
1726024674032 9.514148712158203 1828
1726024674203 9.509533882141113 1829
1726024674375 9.504920959472656 1830
1726024674546 9.500309944152832 1831
1726024674718 9.495701789855957 1832
1726024674890 9.491094589233398 1833
1726024675062 9.486490249633789 1834
1726024675235 9.481887817382812 1835
1726024675406 9.477285385131836 1836
1726024675577 9.472687721252441 1837
1726024675748 9.468090057373047 1838
1726024675921 9.463495254516602 1839
1726024676092 9.458901405334473 1840
1726024676264 9.454310417175293 1841
1726024676436 9.449721336364746 1842
1726024676607 9.445133209228516 1843
1726024676780 9.440547943115234 1844
1726024676952 9.435964584350586 1845
1726024677124 9.431384086608887 1846
1726024677296 9.426804542541504 1847
1726024677467 9.422225952148438 1848
1726024677639 9.417651176452637 1849
1726024677811 9.413077354431152 1850
1726024677982 9.408504486083984 1851
1726024678152 9.403934478759766 1852
1726024678323 9.399367332458496 1853
1726024678493 9.394801139831543 1854
1726024678663 9.390236854553223 1855
1726024678833 9.385674476623535 1856
1726024679003 9.381114959716797 1857
1726024679172 9.376556396484375 1858
1726024679343 9.371999740600586 1859
1726024679514 9.367445945739746 1860
1726024679685 9.362893104553223 1861
1726024679855 9.358342170715332 1862
1726024680026 9.35379409790039 1863
1726024680197 9.349247932434082 1864
1726024680367 9.34470272064209 1865
1726024680539 9.34015941619873 1866
1726024680710 9.335618019104004 1867
1726024680880 9.331079483032227 1868
1726024681052 9.326542854309082 1869
1726024681224 9.32200813293457 1870
1726024681394 9.317474365234375 1871
1726024681564 9.312942504882812 1872
1726024681736 9.3084135055542 1873
1726024681906 9.303886413574219 1874
1726024682075 9.299360275268555 1875
1726024682246 9.29483699798584 1876
1726024682418 9.290315628051758 1877
1726024682590 9.285795211791992 1878
1726024682760 9.281277656555176 1879
1726024682931 9.276762008666992 1880
1726024683101 9.272247314453125 1881
1726024683272 9.26773452758789 1882
1726024683442 9.263224601745605 1883
1726024683613 9.258716583251953 1884
1726024683784 9.254209518432617 1885
1726024683955 9.24970531463623 1886
1726024684126 9.245203018188477 1887
1726024684297 9.240702629089355 1888
1726024684469 9.236204147338867 1889
1726024684641 9.231706619262695 1890
1726024684811 9.227211952209473 1891
1726024684983 9.222718238830566 1892
1726024685158 9.21822738647461 1893
1726024685332 9.213737487792969 1894
1726024685504 9.209250450134277 1895
1726024685677 9.204765319824219 1896
1726024685848 9.200281143188477 1897
1726024686020 9.195799827575684 1898
1726024686191 9.191320419311523 1899
1726024686365 9.18684196472168 1900
1726024686537 9.182366371154785 1901
1726024686709 9.177891731262207 1902
1726024686882 9.173419952392578 1903
1726024687055 9.168950080871582 1904
1726024687228 9.164482116699219 1905
1726024687400 9.160015106201172 1906
1726024687574 9.155550956726074 1907
1726024687746 9.151087760925293 1908
1726024687918 9.146627426147461 1909
1726024688091 9.142168045043945 1910
1726024688261 9.137711524963379 1911
1726024688432 9.133255958557129 1912
1726024688606 9.128802299499512 1913
1726024688776 9.124351501464844 1914
1726024688947 9.119901657104492 1915
1726024689119 9.115453720092773 1916
1726024689291 9.111008644104004 1917
1726024689461 9.106565475463867 1918
1726024689633 9.102123260498047 1919
1726024689804 9.09768295288086 1920
1726024689977 9.093244552612305 1921
1726024690149 9.0888090133667 1922
1726024690322 9.084373474121094 1923
1726024690494 9.079941749572754 1924
1726024690666 9.07551097869873 1925
1726024690838 9.071083068847656 1926
1726024691010 9.066656112670898 1927
1726024691181 9.062231063842773 1928
1726024691354 9.057807922363281 1929
1726024691526 9.053386688232422 1930
1726024691698 9.048966407775879 1931
1726024691870 9.044549942016602 1932
1726024692042 9.04013442993164 1933
1726024692213 9.035719871520996 1934
1726024692385 9.031309127807617 1935
1726024692559 9.026899337768555 1936
1726024692731 9.022490501403809 1937
1726024692902 9.018084526062012 1938
1726024693073 9.013680458068848 1939
1726024693246 9.009278297424316 1940
1726024693416 9.004877090454102 1941
1726024693587 9.000478744506836 1942
1726024693760 8.996082305908203 1943
1726024693931 8.991687774658203 1944
1726024694104 8.98729419708252 1945
1726024694276 8.982902526855469 1946
1726024694448 8.978513717651367 1947
1726024694618 8.974126815795898 1948
1726024694789 8.969740867614746 1949
1726024694960 8.965356826782227 1950
1726024695132 8.96097469329834 1951
1726024695304 8.956595420837402 1952
1726024695476 8.952217102050781 1953
1726024695650 8.947840690612793 1954
1726024695820 8.943466186523438 1955
1726024695993 8.939093589782715 1956
1726024696164 8.934722900390625 1957
1726024696336 8.930354118347168 1958
1726024696510 8.925987243652344 1959
1726024696682 8.921622276306152 1960
1726024696853 8.917258262634277 1961
1726024697025 8.912897109985352 1962
1726024697198 8.908537864685059 1963
1726024697369 8.904179573059082 1964
1726024697541 8.899824142456055 1965
1726024697715 8.89547061920166 1966
1726024697887 8.891118049621582 1967
1726024698060 8.886767387390137 1968
1726024698232 8.88241958618164 1969
1726024698405 8.878073692321777 1970
1726024698577 8.87372875213623 1971
1726024698748 8.869385719299316 1972
1726024698920 8.865044593811035 1973
1726024699093 8.860705375671387 1974
1726024699265 8.856368064880371 1975
1726024699436 8.852032661437988 1976
1726024699608 8.847699165344238 1977
1726024699779 8.843366622924805 1978
1726024699951 8.83903694152832 1979
1726024700122 8.834709167480469 1980
1726024700294 8.83038330078125 1981
1726024700466 8.826059341430664 1982
1726024700638 8.821736335754395 1983
1726024700809 8.817416191101074 1984
1726024700981 8.813096046447754 1985
1726024701154 8.8087797164917 1986
1726024701326 8.804464340209961 1987
1726024701498 8.800151824951172 1988
1726024701670 8.795839309692383 1989
1726024701842 8.79153060913086 1990
1726024702017 8.787221908569336 1991
1726024702190 8.782916069030762 1992
1726024702362 8.77861213684082 1993
1726024702533 8.774309158325195 1994
1726024702707 8.77000904083252 1995
1726024702880 8.765711784362793 1996
1726024703051 8.76141357421875 1997
1726024703225 8.757119178771973 1998
1726024703398 8.752825736999512 1999
1726024703572 8.748534202575684 2000
1726024703747 8.744244575500488 2001
1726024703920 8.739957809448242 2002
1726024704095 8.735671997070312 2003
1726024704268 8.731388092041016 2004
1726024704439 8.727105140686035 2005
1726024704610 8.722825050354004 2006
1726024704785 8.718546867370605 2007
1726024704958 8.71427059173584 2008
1726024705131 8.70999526977539 2009
1726024705304 8.70572280883789 2010
1726024705477 8.701451301574707 2011
1726024705650 8.697181701660156 2012
1726024705821 8.692914009094238 2013
1726024705994 8.688648223876953 2014
1726024706170 8.6843843460083 2015
1726024706346 8.680122375488281 2016
1726024706517 8.675862312316895 2017
1726024706689 8.67160415649414 2018
1726024706863 8.66734790802002 2019
1726024707034 8.663093566894531 2020
1726024707205 8.65884017944336 2021
1726024707375 8.654589653015137 2022
1726024707547 8.65034008026123 2023
1726024707718 8.646092414855957 2024
1726024707889 8.641846656799316 2025
1726024708059 8.637602806091309 2026
1726024708230 8.633360862731934 2027
1726024708401 8.629120826721191 2028
1726024708571 8.624882698059082 2029
1726024708743 8.620645523071289 2030
1726024708914 8.616411209106445 2031
1726024709085 8.612177848815918 2032
1726024709257 8.607948303222656 2033
1726024709432 8.603717803955078 2034
1726024709608 8.59949016571045 2035
1726024709788 8.59526538848877 2036
1726024709962 8.591041564941406 2037
1726024710138 8.58681869506836 2038
1726024710314 8.582598686218262 2039
1726024710489 8.578380584716797 2040
1726024710665 8.574163436889648 2041
1726024710841 8.56994915008545 2042
1726024711018 8.565735816955566 2043
1726024711197 8.561525344848633 2044
1726024711370 8.557315826416016 2045
1726024711542 8.553107261657715 2046
1726024711715 8.54890251159668 2047
1726024711886 8.544698715209961 2048
1726024712057 8.540496826171875 2049
1726024712228 8.536295890808105 2050
1726024712400 8.532097816467285 2051
1726024712573 8.527900695800781 2052
